0 0.977487 0.906379 0.026163 0.038097
0 0.763418 0.965904 0.040434 0.033334
0 0.715252 0.857968 0.024973 0.046031
0 0.712279 0.759554 0.023786 0.033334
0 0.661735 0.649237 0.024973 0.034919
0 0.612974 0.534157 0.027354 0.039684
0 0.558863 0.419872 0.021407 0.033334
0 0.508319 0.296855 0.017839 0.034919
0 0.451829 0.268285 0.019028 0.028572
0 0.543997 0.234951 0.015460 0.031747
0 0.397715 0.139713 0.020218 0.031747
0 0.321008 0.275427 0.023784 0.033332
0 0.165807 0.794474 0.036867 0.039681
0 0.049853 0.518285 0.035680 0.030159
0 0.535671 0.762729 0.017839 0.036509
