0 0.659356 0.957888 0.022595 0.036666
0 0.585621 0.865030 0.024973 0.041431
0 0.533293 0.910269 0.024975 0.039841
0 0.416150 0.972966 0.030920 0.044603
0 0.200296 0.841221 0.020218 0.028731
0 0.152725 0.669791 0.027352 0.035078
0 0.137264 0.580904 0.022597 0.031903
0 0.129535 0.845983 0.019028 0.028731
0 0.069476 0.675348 0.029733 0.039841
0 0.020121 0.508680 0.023784 0.033493
0 0.109912 0.399157 0.029733 0.043016
0 0.080774 0.261855 0.023786 0.035081
0 0.048069 0.130904 0.027354 0.033491
0 0.148563 0.074554 0.021407 0.028729
0 0.216351 0.103126 0.016650 0.025554
0 0.259166 0.235665 0.019028 0.030319
0 0.293060 0.350744 0.024975 0.041428
0 0.318629 0.463443 0.026163 0.035081
0 0.250840 0.531697 0.019028 0.031903
0 0.242515 0.673760 0.028542 0.033491
0 0.278194 0.777729 0.026165 0.031903
0 0.382849 0.717412 0.028544 0.035081
0 0.489884 0.653919 0.023784 0.035078
0 0.347171 0.614237 0.026165 0.035081
0 0.458368 0.549157 0.022597 0.035078
0 0.409608 0.411062 0.034489 0.038256
0 0.373931 0.305507 0.024975 0.033491
0 0.366795 0.174554 0.020218 0.025554
0 0.484533 0.122174 0.015460 0.022381
0 0.493452 0.095983 0.016650 0.020794
0 0.448855 0.111062 0.015460 0.028731
0 0.485128 0.220585 0.026165 0.038253
0 0.523779 0.336459 0.020218 0.025556
0 0.567782 0.484871 0.027352 0.030319
0 0.606433 0.598363 0.021407 0.031903
0 0.718819 0.778522 0.020218 0.027141
0 0.744984 0.745190 0.024975 0.033493
0 0.925159 0.265030 0.038057 0.019206
0 0.934079 0.600744 0.024975 0.046191
