0 0.614164 0.727729 0.017839 0.033491
0 0.565403 0.569793 0.017841 0.031906
0 0.494046 0.376935 0.015460 0.033491
0 0.432800 0.247570 0.019028 0.031903
0 0.366200 0.092015 0.021407 0.038256
0 0.379282 0.318998 0.023784 0.038253
0 0.519022 0.610268 0.017839 0.033493
0 0.435178 0.769791 0.038057 0.041428
0 0.942997 0.832491 0.023786 0.033491
0 0.133103 0.167412 0.019028 0.033493
0 0.262733 0.461855 0.028542 0.038256
0 0.071855 0.784871 0.022597 0.027144
0 0.032609 0.423760 0.020218 0.028729
0 0.086126 0.559474 0.027354 0.030319
0 0.144995 0.945188 0.019028 0.036666
0 0.211595 0.899157 0.023784 0.036666
0 0.714063 0.924554 0.027352 0.055715
