0 0.941259 0.480090 0.014271 0.020634
0 0.080223 0.772947 0.040436 0.050794
0 0.305591 0.680882 0.032110 0.041269
0 0.155148 0.345962 0.030920 0.031747
0 0.050492 0.109454 0.035678 0.041269
0 0.414410 0.422946 0.016650 0.033334
0 0.384083 0.457868 0.022595 0.033334
0 0.347811 0.490407 0.023784 0.031744
0 0.353162 0.549930 0.029733 0.033334
0 0.377543 0.601518 0.026165 0.034922
0 0.404897 0.661835 0.019028 0.031744
0 0.635615 0.445169 0.028544 0.046031
0 0.410842 0.234851 0.021407 0.038094
0 0.321052 0.071360 0.032112 0.044444
0 0.938880 0.505487 0.009513 0.023809
0 0.510147 0.127709 0.024975 0.036509
0 0.601721 0.037232 0.017839 0.033332
0 0.852658 0.398343 0.020218 0.031747
0 0.890120 0.053105 0.019028 0.039684
0 0.711134 0.533265 0.020218 0.031747
0 0.862766 0.248343 0.016650 0.026984
