0 0.780662 0.911062 0.017839 0.035081
0 0.742605 0.794396 0.017839 0.033493
0 0.701575 0.666618 0.019028 0.028731
0 0.656384 0.545190 0.021407 0.027144
0 0.664113 0.457094 0.020218 0.035078
0 0.624272 0.329316 0.021407 0.036666
0 0.678979 0.152332 0.011894 0.025554
0 0.703359 0.116618 0.017839 0.036668
0 0.884723 0.017412 0.016652 0.028731
0 0.546375 0.230902 0.020216 0.027144
0 0.489884 0.274554 0.021405 0.028729
0 0.376903 0.344396 0.023784 0.028731
0 0.252624 0.326935 0.027354 0.035078
0 0.137264 0.397570 0.022597 0.033491
0 0.161050 0.215824 0.022597 0.025556
0 0.087910 0.234871 0.026165 0.025556
0 0.049853 0.082491 0.023786 0.035078
0 0.127751 0.057887 0.015460 0.023969
0 0.240137 0.175349 0.011892 0.017619
0 0.211594 0.080904 0.016650 0.035078
0 0.345982 0.115030 0.019028 0.027144
0 0.313872 0.016618 0.021407 0.027144
0 0.455990 0.055507 0.020218 0.028729
0 0.787798 0.056301 0.017839 0.033491
0 0.852018 0.552332 0.017839 0.035078
