0 0.532104 0.892093 0.027352 0.047619
0 0.584432 0.917491 0.024973 0.038097
0 0.618921 0.850030 0.020218 0.033332
0 0.472045 0.760348 0.026163 0.038097
0 0.409014 0.600824 0.026165 0.039681
0 0.464315 0.498443 0.015460 0.022224
0 0.480965 0.540507 0.017839 0.030159
0 0.560647 0.422254 0.017839 0.028572
0 0.582054 0.473047 0.022597 0.025397
0 0.658762 0.354793 0.019028 0.036507
0 0.635571 0.183363 0.015460 0.030159
0 0.581458 0.205585 0.011894 0.020634
0 0.554105 0.223840 0.016650 0.028569
0 0.535671 0.233363 0.015460 0.028572
0 0.508913 0.244475 0.014273 0.031747
0 0.467884 0.267491 0.017839 0.020634
0 0.426853 0.291301 0.019028 0.020634
0 0.382255 0.310348 0.013081 0.014285
0 0.348955 0.334951 0.020218 0.019047
0 0.304952 0.356379 0.017839 0.023809
0 0.265113 0.380982 0.019028 0.022222
0 0.225272 0.403998 0.020218 0.023809
0 0.187810 0.426221 0.016650 0.014287
0 0.175916 0.434951 0.019028 0.019047
0 0.158077 0.442094 0.011892 0.011110
0 0.366200 0.922252 0.030922 0.050794
