0 0.519065 0.788820 0.021407 0.047619
0 0.872875 0.948343 0.036867 0.061903
0 0.768160 0.708660 0.034608 0.039681
0 0.586795 0.445962 0.026284 0.034922
0 0.403052 0.206279 0.039366 0.041269
0 0.264562 0.181677 0.026165 0.033334
0 0.386461 0.482471 0.017839 0.022222
0 0.434628 0.425327 0.021407 0.031747
0 0.304402 0.520565 0.027354 0.031747
0 0.194395 0.590406 0.023786 0.022222
0 0.112929 0.661836 0.024975 0.025397
0 0.029084 0.749132 0.026165 0.041261
0 0.057628 0.867390 0.028544 0.026984
0 0.105199 0.983265 0.023784 0.023809
