0 0.205053 0.467490 0.029731 0.039681
0 0.135481 0.816697 0.047572 0.033334
0 0.275815 0.836538 0.023786 0.041271
0 0.329332 0.775427 0.028544 0.033332
0 0.413771 0.725427 0.026163 0.038094
0 0.530320 0.661935 0.028542 0.028572
0 0.619515 0.581776 0.023784 0.036509
0 0.764012 0.719872 0.024975 0.033334
0 0.979270 0.657966 0.020218 0.030159
0 0.950134 0.566696 0.026165 0.044444
0 0.646274 0.546063 0.022597 0.028572
0 0.927537 0.855585 0.019028 0.034922
0 0.951918 0.938126 0.013081 0.022222
0 0.885912 0.730190 0.021407 0.041269
0 0.849639 0.632570 0.015460 0.020634
0 0.800285 0.825427 0.023786 0.044444
0 0.844883 0.948443 0.022595 0.039681
0 0.458963 0.123046 0.011892 0.030157
0 0.587999 0.038919 0.020218 0.030159
0 0.640328 0.152412 0.022595 0.041269
0 0.638545 0.225427 0.021407 0.028569
0 0.689683 0.353998 0.023786 0.031747
0 0.769364 0.446062 0.026163 0.034919
0 0.818124 0.394475 0.019028 0.026984
0 0.917429 0.318284 0.022597 0.046031
0 0.096830 0.183363 0.032110 0.042859
