0 0.868668 0.804791 0.022597 0.034922
0 0.963215 0.720666 0.016650 0.028572
0 0.978676 0.924633 0.026163 0.036507
0 0.743200 0.775427 0.023786 0.036507
0 0.691466 0.956379 0.029731 0.036509
0 0.692655 0.656379 0.029731 0.036509
0 0.685520 0.565904 0.022597 0.036509
0 0.637355 0.449237 0.021407 0.025394
0 0.583242 0.325427 0.024973 0.034919
0 0.531509 0.212729 0.023786 0.038097
0 0.483344 0.099237 0.022597 0.039681
0 0.517832 0.042093 0.022597 0.052381
0 0.428043 0.075427 0.021407 0.039681
0 0.507724 0.550824 0.021407 0.034919
0 0.264517 0.885746 0.039246 0.050794
0 0.141428 0.600824 0.035678 0.046031
0 0.026663 0.323046 0.041625 0.046031
0 0.818719 0.854793 0.022597 0.036507
