0 0.426140 0.638602 0.036867 0.046031
0 0.558862 0.934952 0.033299 0.050794
0 0.804447 0.980190 0.034489 0.036507
0 0.749146 0.846855 0.030920 0.042856
0 0.682547 0.686538 0.040436 0.052379
0 0.617731 0.539713 0.027352 0.041271
0 0.564214 0.398443 0.041625 0.041269
0 0.253220 0.330188 0.040436 0.034922
0 0.184835 0.477013 0.032110 0.030159
0 0.322197 0.774633 0.040436 0.050794
0 0.280573 0.836538 0.019028 0.028572
0 0.345982 0.984157 0.019028 0.028572
0 0.227055 0.711935 0.035678 0.030159
0 0.121210 0.357966 0.035678 0.033334
0 0.097424 0.265904 0.030920 0.023809
0 0.293654 0.054791 0.040434 0.074603
0 0.014818 0.179396 0.029636 0.050794
0 0.837747 0.053999 0.024975 0.034919
0 0.568971 0.057173 0.017839 0.034922
0 0.648058 0.303999 0.028544 0.036507
