0 0.123588 0.133363 0.026165 0.031747
0 0.163429 0.296062 0.024975 0.033332
0 0.241327 0.149237 0.021407 0.034919
0 0.303169 0.362729 0.026163 0.030159
0 0.313872 0.398443 0.023786 0.028569
0 0.382849 0.576221 0.026165 0.034919
0 0.453611 0.749237 0.017839 0.028569
0 0.519022 0.895269 0.020218 0.031747
0 0.698008 0.590507 0.023784 0.031747
0 0.775310 0.798443 0.019028 0.031744
0 0.618327 0.374633 0.019028 0.034919
0 0.455396 0.330983 0.023784 0.039681
0 0.507723 0.473046 0.026163 0.028569
0 0.563026 0.616697 0.020218 0.030159
0 0.670060 0.842094 0.022597 0.036509
0 0.888885 0.945269 0.020218 0.030159
0 0.701575 0.216697 0.023786 0.030159
0 0.552321 0.247649 0.022597 0.038094
0 0.859154 0.067491 0.015460 0.023809
