0 0.255598 0.089713 0.026165 0.033334
0 0.192565 0.374555 0.021407 0.016031
0 0.183052 0.399158 0.019028 0.023969
0 0.461342 0.378522 0.014271 0.027141
0 0.408420 0.242015 0.020218 0.030319
0 0.373336 0.126935 0.014271 0.025554
0 0.289491 0.186459 0.017839 0.017619
0 0.204459 0.354712 0.016650 0.023969
0 0.166997 0.241221 0.024975 0.035081
0 0.134292 0.145188 0.023784 0.033491
0 0.589783 0.196855 0.019028 0.038094
0 0.538645 0.053126 0.023786 0.033491
0 0.640328 0.330902 0.022595 0.027144
0 0.714658 0.522173 0.019028 0.035078
0 0.820503 0.749157 0.016650 0.028729
0 0.868073 0.880902 0.016650 0.025556
0 0.970946 0.768999 0.020218 0.023969
0 0.916834 0.608680 0.016650 0.030319
0 0.852018 0.440427 0.022597 0.023969
0 0.787798 0.273761 0.017839 0.023969
0 0.526752 0.388840 0.021405 0.028731
0 0.601676 0.553124 0.014273 0.020794
0 0.680168 0.763443 0.014271 0.016031
0 0.768174 0.953126 0.030920 0.027141
