0 0.541662 0.876121 0.026165 0.044446
0 0.830597 0.784057 0.023905 0.034919
0 0.575497 0.732471 0.022714 0.033334
0 0.542792 0.691201 0.023905 0.033332
0 0.515439 0.632471 0.019148 0.023809
0 0.485706 0.568978 0.021527 0.033334
0 0.461327 0.519771 0.020335 0.030159
0 0.433973 0.463423 0.022716 0.034919
0 0.408998 0.407867 0.020337 0.038094
0 0.360833 0.303899 0.019148 0.023809
0 0.331696 0.242787 0.017956 0.028572
0 0.310290 0.195168 0.017958 0.031747
0 0.308506 0.139613 0.021527 0.028569
0 0.342400 0.110248 0.017958 0.017462
0 0.372131 0.079296 0.017958 0.028572
0 0.581443 0.045962 0.025095 0.028572
0 0.802648 0.054693 0.015580 0.023809
0 0.891249 0.129296 0.021525 0.039684
0 0.715237 0.162629 0.023905 0.030157
0 0.148548 0.695962 0.032229 0.020634
0 0.034973 0.411835 0.026282 0.030157
0 0.257961 0.291994 0.032229 0.044444
0 0.404836 0.614216 0.026282 0.034919
