0 0.634976 0.921379 0.021407 0.039841
0 0.585621 0.773760 0.024973 0.033491
0 0.546970 0.823760 0.028542 0.044603
0 0.467288 0.984936 0.028542 0.030129
0 0.122399 0.781697 0.021407 0.033491
0 0.065313 0.655507 0.023786 0.041428
0 0.291276 0.680110 0.028544 0.039841
0 0.401878 0.527729 0.021407 0.033491
0 0.253219 0.242015 0.030922 0.036668
0 0.514859 0.581697 0.021407 0.033491
0 0.453612 0.448363 0.022595 0.027141
0 0.388796 0.291221 0.019028 0.033493
0 0.319224 0.138046 0.022597 0.031906
0 0.027258 0.084079 0.040436 0.041428
0 0.150348 0.384871 0.022597 0.033493
0 0.863317 0.170585 0.021407 0.033491
