0 0.789566 0.920565 0.025095 0.038097
0 0.612959 0.669772 0.021525 0.038094
0 0.419100 0.420564 0.031042 0.038094
0 0.297267 0.078502 0.034489 0.036509
0 0.169420 0.091993 0.028544 0.028572
0 0.279427 0.384852 0.017839 0.026984
0 0.411437 0.699137 0.017839 0.030159
0 0.325215 0.729296 0.023786 0.020634
0 0.220558 0.798343 0.026165 0.031747
0 0.137904 0.860249 0.024975 0.028572
0 0.063575 0.926121 0.023786 0.026984
0 0.011841 0.722946 0.022595 0.030159
0 0.973903 0.831677 0.017958 0.028572
0 0.460197 0.646756 0.024973 0.033334
