0 0.885957 0.763423 0.020218 0.038094
0 0.047519 0.514215 0.020216 0.025397
0 0.183690 0.834057 0.023786 0.039681
0 0.273419 0.986476 0.027481 0.027048
0 0.372190 0.889613 0.024975 0.036507
0 0.278832 0.728502 0.028544 0.038097
0 0.289537 0.541199 0.016650 0.025397
0 0.316295 0.503899 0.022597 0.026984
0 0.352567 0.473740 0.019028 0.026984
0 0.349594 0.415010 0.017839 0.030157
0 0.326998 0.367391 0.022595 0.036507
0 0.299050 0.305487 0.019028 0.036509
0 0.252669 0.202312 0.023784 0.033334
0 0.230073 0.153105 0.026165 0.033334
0 0.206287 0.099930 0.016650 0.025397
0 0.184285 0.053899 0.020218 0.025397
0 0.164603 0.009489 0.023903 0.018979
0 0.369812 0.284851 0.020218 0.036507
0 0.524418 0.616596 0.022597 0.030159
0 0.653454 0.876121 0.026165 0.041271
0 0.762272 0.468185 0.022597 0.034919
0 0.626101 0.166598 0.016650 0.031744
