0 0.814006 0.880090 0.023784 0.039684
0 0.226505 0.438820 0.021407 0.026982
0 0.111740 0.944376 0.032112 0.041269
0 0.347216 0.935645 0.022595 0.033332
0 0.373974 0.900724 0.021407 0.036509
0 0.408463 0.872152 0.023786 0.030159
0 0.405491 0.818978 0.024973 0.031747
0 0.381705 0.770565 0.024975 0.033334
0 0.353162 0.710248 0.027354 0.033332
0 0.302024 0.601518 0.022597 0.034922
0 0.277048 0.547549 0.027354 0.041271
0 0.249101 0.488820 0.019028 0.034919
0 0.200935 0.376915 0.020218 0.026984
0 0.178339 0.323740 0.022595 0.031747
0 0.146823 0.285645 0.023786 0.038094
0 0.109361 0.272152 0.020218 0.030159
0 0.062980 0.257074 0.022597 0.038097
0 0.021355 0.253899 0.022597 0.034922
0 0.148012 0.141201 0.026165 0.041269
0 0.277048 0.390407 0.024975 0.038094
0 0.424518 0.718185 0.020218 0.039681
0 0.684970 0.597549 0.027352 0.039684
0 0.549393 0.298343 0.020218 0.031747
0 0.508898 0.022188 0.032231 0.044376
0 0.537440 0.013457 0.027472 0.026914
