0 0.237207 0.777709 0.019028 0.034922
0 0.158121 0.856280 0.024973 0.020634
0 0.153959 0.615009 0.028544 0.023809
0 0.252074 0.520565 0.024973 0.025397
0 0.265751 0.334852 0.019028 0.028572
0 0.294293 0.303105 0.021407 0.031747
0 0.329971 0.272152 0.019028 0.023809
0 0.327594 0.217390 0.019028 0.025397
0 0.304997 0.169771 0.019028 0.025397
0 0.275859 0.107868 0.022597 0.031747
0 0.231857 0.016632 0.022597 0.033263
0 0.343054 0.072154 0.023786 0.046031
0 0.494092 0.398344 0.023786 0.047619
0 0.621938 0.657867 0.029733 0.039681
0 0.074278 0.711836 0.035678 0.023809
0 0.805086 0.905485 0.032112 0.049206
0 0.859793 0.555485 0.024975 0.047619
0 0.732541 0.258660 0.024975 0.047619
0 0.938821 0.903105 0.033419 0.044446
0 0.341270 0.681677 0.022597 0.026984
0 0.029085 0.300724 0.026163 0.030159
0 0.974499 0.838820 0.028661 0.036507
