0 0.273437 0.224633 0.026165 0.036507
0 0.103965 0.191301 0.022597 0.017460
0 0.032609 0.171460 0.020218 0.025397
0 0.273437 0.051618 0.026165 0.046031
0 0.462531 0.055586 0.019028 0.047619
0 0.818719 0.156380 0.024975 0.049206
0 0.837152 0.342094 0.021407 0.036509
0 0.813961 0.422254 0.015460 0.022222
0 0.181268 0.211141 0.017839 0.028572
0 0.955486 0.478601 0.015460 0.020634
0 0.425069 0.627015 0.013081 0.031744
0 0.548159 0.330188 0.030920 0.031747
0 0.304952 0.964237 0.017839 0.030319
0 0.372147 0.922966 0.021407 0.033491
0 0.252624 0.950746 0.015460 0.022381
0 0.228838 0.940427 0.017839 0.017619
0 0.167592 0.823840 0.019028 0.022224
0 0.690277 0.534951 0.020218 0.025397
0 0.651626 0.301538 0.023786 0.028729
