0 0.054654 0.501518 0.029733 0.022222
0 0.596904 0.440406 0.029850 0.026984
0 0.471436 0.174534 0.021527 0.038097
0 0.784810 0.701518 0.034608 0.031747
0 0.950118 0.914216 0.034608 0.034919
0 0.931149 0.710248 0.022597 0.039681
0 0.962605 0.645962 0.026282 0.031747
0 0.837732 0.344374 0.026282 0.019047
0 0.705723 0.057074 0.021525 0.034922
0 0.321052 0.467390 0.029733 0.026984
0 0.216396 0.568978 0.029731 0.020634
0 0.128984 0.657868 0.030922 0.023809
0 0.130173 0.404693 0.030922 0.025397
0 0.228884 0.302312 0.023786 0.023809
0 0.310348 0.021359 0.013083 0.020634
0 0.311538 0.076121 0.015462 0.025397
0 0.275859 0.103105 0.017839 0.022222
0 0.247317 0.138820 0.020218 0.020637
0 0.021950 0.095168 0.023786 0.028572
