0 0.086721 0.900824 0.023786 0.033332
0 0.016554 0.748444 0.014271 0.023809
0 0.629029 0.956379 0.030922 0.030159
0 0.570756 0.817490 0.030920 0.044444
0 0.508913 0.683363 0.026163 0.026984
0 0.446476 0.543682 0.029733 0.030159
0 0.382849 0.400824 0.023786 0.033332
0 0.322197 0.253998 0.023784 0.031747
0 0.261545 0.121459 0.026165 0.036507
0 0.719415 0.677808 0.038057 0.038094
0 0.548754 0.327808 0.032110 0.039681
0 0.680168 0.274633 0.021407 0.038094
0 0.818719 0.571459 0.024975 0.044444
0 0.947755 0.842887 0.047570 0.053969
0 0.979271 0.718285 0.013083 0.026984
0 0.869262 0.504791 0.019028 0.025397
0 0.844288 0.439713 0.014273 0.019047
0 0.832395 0.412729 0.011892 0.019047
0 0.818719 0.381776 0.015460 0.023809
0 0.808015 0.353204 0.013083 0.020634
0 0.793150 0.321459 0.011894 0.017462
