0 0.443503 0.669791 0.026165 0.035078
0 0.615353 0.501538 0.027354 0.035078
0 0.849045 0.596776 0.023786 0.031903
0 0.909103 0.829316 0.024975 0.043016
0 0.938241 0.965824 0.019028 0.036668
0 0.766986 0.465030 0.021407 0.035081
0 0.854397 0.396776 0.020218 0.035078
0 0.982838 0.369793 0.013081 0.019206
0 0.976892 0.330902 0.015462 0.023969
0 0.805637 0.253126 0.020218 0.030316
0 0.749741 0.116618 0.013081 0.020794
0 0.909103 0.164237 0.024975 0.027144
0 0.203864 0.783284 0.029731 0.030319
0 0.090884 0.885665 0.020218 0.028731
0 0.063530 0.493602 0.029731 0.028731
0 0.413771 0.941301 0.023784 0.034922
