0 0.693250 0.706301 0.038057 0.050953
0 0.923375 0.623760 0.041625 0.041428
0 0.595730 0.529315 0.014271 0.023969
0 0.597514 0.615030 0.020218 0.027144
0 0.419123 0.546777 0.027352 0.020794
0 0.501777 0.396776 0.016650 0.038253
0 0.545186 0.365030 0.013083 0.016031
0 0.472639 0.169793 0.017839 0.028731
0 0.413177 0.049157 0.022597 0.031903
0 0.359659 0.102332 0.027352 0.036666
0 0.241921 0.243601 0.022597 0.039841
0 0.111100 0.813443 0.032110 0.039843
0 0.388202 0.840427 0.027354 0.043018
0 0.048664 0.579315 0.021407 0.019206
0 0.183647 0.692015 0.024975 0.031906
0 0.124777 0.486459 0.026165 0.023969
0 0.068287 0.349952 0.022597 0.020794
0 0.021311 0.221380 0.016652 0.017619
