0 0.715252 0.058761 0.017841 0.050794
0 0.859154 0.061141 0.017839 0.039684
0 0.983434 0.380188 0.030920 0.036509
0 0.516048 0.524555 0.016650 0.020794
0 0.527941 0.496777 0.016652 0.019206
0 0.948349 0.980174 0.017839 0.039651
0 0.949539 0.674554 0.048759 0.047778
0 0.842504 0.367412 0.036867 0.027144
0 0.061152 0.902332 0.022595 0.030316
0 0.067098 0.534871 0.024975 0.035081
0 0.150941 0.819793 0.026163 0.030319
0 0.111695 0.671379 0.028542 0.038253
0 0.074828 0.376935 0.028542 0.033491
0 0.012439 0.345982 0.024879 0.041428
0 0.295438 0.948363 0.022597 0.039841
0 0.191972 0.974554 0.036867 0.047778
0 0.358470 0.865824 0.024973 0.036668
0 0.328143 0.763443 0.028544 0.028731
0 0.287707 0.644396 0.021407 0.031906
0 0.168187 0.479316 0.022597 0.031903
0 0.494047 0.945188 0.027352 0.039841
0 0.445882 0.815823 0.030922 0.044603
0 0.410204 0.712649 0.021407 0.035081
0 0.483938 0.538840 0.019028 0.036668
0 0.524374 0.657888 0.016650 0.033491
0 0.558863 0.768204 0.019028 0.044603
0 0.609406 0.909475 0.020218 0.035078
