0 0.106983 0.195168 0.034489 0.031747
0 0.288348 0.441994 0.023786 0.036507
0 0.428681 0.734057 0.026165 0.039681
0 0.505984 0.559454 0.026165 0.039681
0 0.536311 0.281676 0.022595 0.042856
0 0.847306 0.222152 0.026165 0.063491
0 0.640967 0.129295 0.027354 0.052381
0 0.419167 0.016632 0.028542 0.033263
0 0.605289 0.798343 0.020218 0.038097
0 0.890714 0.712629 0.024973 0.034919
0 0.974558 0.668979 0.021407 0.036507
0 0.955529 0.082471 0.019028 0.034922
0 0.910931 0.063423 0.017839 0.028569
0 0.864550 0.048343 0.017839 0.030159
0 0.817574 0.034851 0.023784 0.034919
0 0.764651 0.019771 0.022597 0.030159
0 0.714107 0.010283 0.021407 0.020566
