0 0.885318 0.185744 0.013083 0.028572
0 0.216947 0.169077 0.036867 0.042856
0 0.346578 0.529396 0.032110 0.039681
0 0.485128 0.842887 0.023786 0.044444
0 0.353117 0.954791 0.030920 0.033334
0 0.239543 0.706380 0.029733 0.044444
0 0.622489 0.830983 0.029731 0.046031
0 0.494642 0.529395 0.033299 0.033334
0 0.366200 0.217490 0.028544 0.044444
0 0.846666 0.088126 0.019028 0.026984
0 0.919212 0.046855 0.023784 0.039681
0 0.951918 0.141301 0.015460 0.028572
0 0.758660 0.130982 0.023786 0.033334
0 0.802069 0.232570 0.017839 0.023809
