0 0.963810 0.165109 0.027354 0.044444
0 0.088505 0.877807 0.027354 0.025397
0 0.181268 0.813522 0.022597 0.026984
0 0.160455 0.773841 0.023786 0.023809
0 0.265112 0.747650 0.023784 0.025397
0 0.241921 0.707173 0.020218 0.023809
0 0.318630 0.653998 0.021407 0.031747
0 0.255598 0.493682 0.026165 0.028572
0 0.203270 0.365110 0.026165 0.038097
0 0.114669 0.395269 0.024973 0.025397
0 0.155104 0.336538 0.027352 0.031747
0 0.106344 0.220666 0.020218 0.025397
0 0.070666 0.117491 0.027354 0.025397
0 0.038555 0.019079 0.024973 0.034922
0 0.750335 0.418284 0.028542 0.046031
0 0.772337 0.712729 0.022595 0.031747
0 0.624866 0.119077 0.022597 0.038094
0 0.985217 0.215902 0.024975 0.044444
0 0.916240 0.063522 0.027354 0.031747
0 0.889480 0.012714 0.019028 0.025427
0 0.870452 0.024618 0.023786 0.049237
