0 0.151580 0.791993 0.023786 0.025397
0 0.180123 0.777709 0.021405 0.025397
0 0.117092 0.488820 0.026165 0.028569
0 0.013353 0.214216 0.026706 0.034919
0 0.231261 0.079296 0.030920 0.041271
0 0.373380 0.397549 0.027354 0.033334
0 0.511336 0.651518 0.022597 0.052379
0 0.734920 0.780882 0.024975 0.050794
0 0.927582 0.850724 0.017839 0.047621
0 0.629074 0.922946 0.024973 0.042859
0 0.990847 0.626915 0.018307 0.034922
0 0.950177 0.617390 0.020218 0.031747
0 0.904985 0.609454 0.032110 0.041269
0 0.855630 0.597549 0.021407 0.036509
0 0.804491 0.587232 0.026165 0.034919
0 0.750974 0.578502 0.021407 0.039684
0 0.695079 0.566598 0.021407 0.038094
0 0.640967 0.557867 0.020218 0.042856
0 0.587450 0.541994 0.022597 0.036507
0 0.545825 0.524534 0.022597 0.033334
0 0.509552 0.483265 0.019028 0.030159
0 0.485766 0.427709 0.023786 0.036509
0 0.457819 0.368978 0.022597 0.033334
0 0.434033 0.315010 0.024975 0.033332
0 0.405491 0.260248 0.024973 0.038094
0 0.382895 0.208662 0.020218 0.033334
0 0.332944 0.106280 0.024975 0.034922
0 0.304997 0.052312 0.019028 0.031747
0 0.282401 0.011077 0.026165 0.022154
