0 0.565998 0.931777 0.023784 0.050794
0 0.417934 0.651618 0.029731 0.036507
0 0.281167 0.353205 0.039246 0.052381
0 0.162240 0.072252 0.041623 0.049206
0 0.186620 0.302410 0.021407 0.023809
0 0.241327 0.432570 0.016650 0.023809
0 0.305546 0.592888 0.023786 0.030159
0 0.365605 0.748444 0.015460 0.026984
0 0.684330 0.834952 0.029733 0.053969
0 0.520806 0.502412 0.030922 0.042856
0 0.390580 0.200030 0.039246 0.053969
0 0.922186 0.961935 0.024973 0.041271
0 0.874020 0.830983 0.028544 0.042856
0 0.819908 0.687332 0.027354 0.053966
0 0.775310 0.555586 0.026165 0.047619
0 0.715847 0.421459 0.028542 0.049206
0 0.647463 0.228602 0.032112 0.047619
0 0.592163 0.109554 0.035678 0.041271
