0 0.262138 0.713522 0.036867 0.030159
0 0.467289 0.595269 0.019028 0.028572
0 0.033798 0.750824 0.058275 0.038094
0 0.560647 0.628601 0.022597 0.031747
0 0.090884 0.536538 0.024975 0.025397
0 0.681952 0.843682 0.024975 0.030159
0 0.833584 0.813522 0.028544 0.033334
0 0.960837 0.918285 0.026163 0.033334
0 0.913266 0.384157 0.052328 0.044446
0 0.586810 0.692888 0.015460 0.026984
0 0.595135 0.728601 0.013081 0.022222
0 0.555889 0.869872 0.027354 0.028572
0 0.172943 0.813522 0.029731 0.036509
0 0.973920 0.505585 0.021407 0.020634
0 0.922779 0.527808 0.019028 0.017462
0 0.703954 0.486538 0.030922 0.030159
