0 0.018933 0.274633 0.023786 0.031744
0 0.057583 0.387332 0.022595 0.028572
0 0.108128 0.507174 0.030922 0.042856
0 0.152725 0.623840 0.024973 0.031744
0 0.196134 0.732570 0.026165 0.036509
0 0.161050 0.801618 0.024975 0.034919
0 0.306736 0.900824 0.026165 0.036507
0 0.250840 0.769077 0.021407 0.036507
0 0.173537 0.281776 0.019028 0.039684
0 0.787797 0.817490 0.024973 0.050794
0 0.676600 0.542093 0.023784 0.042856
0 0.549943 0.235744 0.027352 0.042859
0 0.787204 0.109555 0.023786 0.053969
0 0.932295 0.442094 0.035680 0.036509
0 0.970946 0.439713 0.022597 0.038097
0 0.945376 0.380188 0.019028 0.036509
0 0.925158 0.330188 0.016650 0.031747
0 0.921590 0.276221 0.019028 0.031744
0 0.953107 0.252412 0.017839 0.031744
0 0.973920 0.217491 0.016650 0.038097
0 0.975703 0.055586 0.032110 0.041269
0 0.025473 0.199237 0.024975 0.020637
