0 0.732496 0.317410 0.033299 0.041428
0 0.098613 0.330188 0.019028 0.031747
0 0.107533 0.361935 0.015460 0.028572
0 0.130724 0.419871 0.014271 0.014287
0 0.208621 0.442094 0.039246 0.030159
0 0.400688 0.296855 0.021407 0.038094
0 0.650437 0.215110 0.026165 0.039684
0 0.611190 0.453204 0.014271 0.023809
0 0.630219 0.512729 0.011892 0.019047
0 0.778283 0.566697 0.013081 0.022222
0 0.844289 0.757966 0.019028 0.026984
0 0.894832 0.879395 0.020218 0.031747
0 0.925159 0.386538 0.033299 0.033334
0 0.939430 0.113521 0.028542 0.049206
0 0.833584 0.534871 0.021407 0.028731
0 0.955486 0.814237 0.022597 0.028731
