0 0.771148 0.883363 0.022595 0.033334
0 0.896022 0.970665 0.027354 0.033332
0 0.861533 0.853999 0.022597 0.034919
0 0.815151 0.824633 0.020218 0.030157
0 0.771148 0.703204 0.015462 0.025397
0 0.731308 0.584951 0.019028 0.033334
0 0.687304 0.454791 0.016650 0.023809
0 0.639138 0.327808 0.015462 0.017462
0 0.839531 0.346063 0.016650 0.025397
0 0.651031 0.242888 0.024975 0.034922
0 0.606433 0.118285 0.019028 0.036509
0 0.533887 0.027808 0.026165 0.033332
0 0.476207 0.066697 0.020218 0.028572
0 0.361443 0.133363 0.023784 0.034922
0 0.093856 0.048443 0.026163 0.026982
0 0.240732 0.119079 0.017839 0.019047
0 0.161645 0.028601 0.021407 0.028572
