0 0.729524 0.953999 0.027354 0.044444
0 0.684330 0.849237 0.027354 0.038094
0 0.634976 0.729396 0.021407 0.036507
0 0.582053 0.619871 0.027352 0.046031
0 0.530914 0.503998 0.020218 0.030159
0 0.568971 0.435744 0.020218 0.033334
0 0.476802 0.477013 0.016650 0.023809
0 0.419122 0.342888 0.020218 0.028572
0 0.351929 0.182570 0.019028 0.019047
0 0.413772 0.100030 0.021407 0.050794
0 0.526752 0.059554 0.014273 0.030159
0 0.507130 0.018285 0.015460 0.036509
0 0.347171 0.486538 0.026165 0.026984
0 0.074828 0.717490 0.042814 0.044444
0 0.561241 0.964316 0.028542 0.039684
