0 0.497615 0.870585 0.029733 0.049366
0 0.520210 0.543602 0.034489 0.027144
0 0.238948 0.586459 0.042813 0.030319
0 0.150941 0.618999 0.026163 0.028731
0 0.181268 0.425348 0.034491 0.031903
0 0.027257 0.318999 0.019028 0.022381
0 0.114669 0.295190 0.024973 0.025556
0 0.037366 0.180109 0.013081 0.020794
0 0.037366 0.130109 0.017839 0.019206
0 0.094452 0.107887 0.022597 0.025556
0 0.379876 0.145188 0.022597 0.049366
0 0.527347 0.122966 0.027352 0.052540
0 0.717631 0.237252 0.027352 0.049363
0 0.959648 0.131697 0.038057 0.044603
0 0.175917 0.352332 0.030920 0.035078
0 0.934079 0.431697 0.027354 0.038253
0 0.790176 0.464237 0.024973 0.027144
0 0.790176 0.397570 0.032110 0.030316
0 0.074828 0.640427 0.026163 0.033493
0 0.664707 0.480110 0.019028 0.027141
0 0.608812 0.448363 0.019028 0.033491
