0 0.071260 0.159554 0.026165 0.039684
0 0.265706 0.122252 0.027352 0.038094
0 0.391174 0.433365 0.033299 0.047619
0 0.516643 0.738126 0.024975 0.038097
0 0.369173 0.743680 0.029733 0.042856
0 0.268679 0.914316 0.021407 0.031747
0 0.350740 0.094474 0.026165 0.046031
0 0.907914 0.376221 0.015460 0.034919
0 0.873425 0.279396 0.027354 0.041269
0 0.820503 0.143682 0.014271 0.026984
0 0.780662 0.050030 0.020218 0.026982
0 0.975109 0.326221 0.021407 0.030157
0 0.946565 0.227808 0.021407 0.036507
0 0.911482 0.088919 0.017839 0.022222
0 0.236569 0.392094 0.035680 0.038097
0 0.987596 0.046857 0.022597 0.026984
0 0.955486 0.629396 0.022597 0.036507
0 0.862128 0.552412 0.016650 0.034919
0 0.824665 0.443682 0.024973 0.033334
0 0.787797 0.338126 0.024973 0.044446
0 0.733686 0.192888 0.023784 0.033334
0 0.693251 0.092888 0.019028 0.036509
0 0.208621 0.169872 0.029731 0.031747
