0 0.077801 0.394475 0.022595 0.033334
0 0.150348 0.253998 0.022597 0.031747
0 0.199107 0.427015 0.027354 0.038094
0 0.124777 0.568285 0.028544 0.034922
0 0.252030 0.594475 0.030920 0.030159
0 0.304953 0.769872 0.029731 0.028572
0 0.175321 0.738919 0.017839 0.030159
0 0.252624 0.870665 0.020218 0.033332
0 0.228244 0.904791 0.023784 0.028572
0 0.529725 0.765904 0.027352 0.033334
0 0.451828 0.511141 0.023784 0.038097
0 0.400095 0.348443 0.027352 0.039681
0 0.618327 0.895268 0.023786 0.038094
0 0.522590 0.953205 0.022597 0.039681
0 0.764012 0.850030 0.029733 0.036507
0 0.928726 0.686538 0.023786 0.036509
0 0.673628 0.977808 0.022597 0.038094
