0 0.449449 0.777015 0.026163 0.039681
0 0.498804 0.933363 0.027354 0.034922
0 0.125966 0.802412 0.038057 0.039681
0 0.176511 0.965110 0.032110 0.034922
0 0.247867 0.838919 0.032110 0.046034
0 0.191377 0.665110 0.030920 0.034922
0 0.972730 0.790507 0.023786 0.034922
0 0.921591 0.640507 0.023784 0.039684
0 0.860938 0.486538 0.016650 0.033334
0 0.802069 0.354791 0.017839 0.026984
0 0.731308 0.163522 0.014271 0.028572
0 0.585026 0.106379 0.019028 0.025397
0 0.565997 0.050824 0.019028 0.034919
0 0.255003 0.149237 0.032112 0.034919
0 0.919807 0.411935 0.034489 0.036509
0 0.778878 0.123046 0.021407 0.036507
