0 0.679574 0.953999 0.022595 0.034919
0 0.781851 0.896062 0.020218 0.033332
0 0.760444 0.844475 0.022597 0.031747
0 0.870452 0.825427 0.028544 0.034919
0 0.861533 0.786538 0.022597 0.023809
0 0.933484 0.734951 0.023786 0.031747
0 0.886507 0.579395 0.022597 0.031747
0 0.840126 0.442094 0.027354 0.026984
0 0.750335 0.477808 0.035678 0.047619
0 0.788393 0.408760 0.021407 0.030159
0 0.748552 0.281776 0.017839 0.023809
0 0.702170 0.160348 0.017839 0.028572
0 0.655789 0.044474 0.015460 0.038094
0 0.963810 0.451617 0.017839 0.026984
