0 0.551133 0.858760 0.029731 0.041271
0 0.548159 0.715902 0.035678 0.047619
0 0.538050 0.522252 0.027354 0.044444
0 0.524374 0.360348 0.023786 0.034922
0 0.515454 0.198443 0.029733 0.041269
0 0.504156 0.037332 0.023786 0.036509
0 0.701576 0.141301 0.030920 0.034922
0 0.739633 0.565902 0.035678 0.042856
0 0.762228 0.903205 0.040434 0.047619
0 0.890670 0.816696 0.030922 0.046031
0 0.860938 0.480190 0.035678 0.046031
0 0.819908 0.139713 0.032112 0.041271
0 0.901968 0.136538 0.013083 0.019047
0 0.879372 0.137332 0.010703 0.023809
0 0.872236 0.073046 0.010703 0.015875
0 0.869857 0.042094 0.013081 0.023809
0 0.866290 0.011935 0.015462 0.020634
0 0.061745 0.038919 0.021407 0.026984
0 0.056990 0.186538 0.021407 0.036509
0 0.064124 0.545268 0.026165 0.036507
0 0.055799 0.891301 0.028542 0.036509
0 0.937052 0.759555 0.023786 0.046031
0 0.935267 0.589713 0.029731 0.055554
0 0.931105 0.416696 0.030922 0.046031
