0 0.341820 0.157966 0.024973 0.026984
0 0.414960 0.334951 0.028542 0.044446
0 0.479776 0.496063 0.024975 0.030159
0 0.545780 0.669079 0.023784 0.033334
0 0.673033 0.983348 0.026165 0.033304
0 0.752714 0.749237 0.026163 0.038094
0 0.790771 0.885744 0.023784 0.034922
0 0.704548 0.608760 0.027354 0.036509
0 0.627840 0.417491 0.023786 0.028572
0 0.521995 0.190507 0.019028 0.028572
0 0.460152 0.054791 0.023786 0.033334
0 0.658761 0.179395 0.023784 0.022222
0 0.737253 0.384157 0.019028 0.028572
0 0.816935 0.553204 0.021407 0.030159
0 0.863317 0.562729 0.019028 0.023809
0 0.909698 0.696857 0.019028 0.028572
0 0.938836 0.810348 0.017839 0.026984
0 0.962620 0.906379 0.015460 0.028572
