0 0.454801 0.892807 0.022595 0.039841
0 0.328738 0.868204 0.024975 0.038253
0 0.388796 0.742808 0.014271 0.022381
0 0.177700 0.579315 0.020218 0.022381
0 0.061152 0.679316 0.027352 0.035078
0 0.050448 0.292015 0.024975 0.031906
0 0.592757 0.288840 0.020218 0.025556
0 0.419717 0.454713 0.019028 0.030316
0 0.742010 0.259474 0.028544 0.030319
0 0.825855 0.385665 0.017839 0.025556
0 0.929321 0.775348 0.020218 0.030316
0 0.894832 0.629316 0.020218 0.030316
0 0.955486 0.172173 0.013081 0.030316
0 0.945971 0.128522 0.015460 0.025554
0 0.828828 0.187252 0.021405 0.031906
0 0.775310 0.054713 0.019028 0.036666
