0 0.976297 0.965902 0.026163 0.042856
0 0.934079 0.833363 0.022597 0.034922
0 0.878777 0.689713 0.021407 0.036509
0 0.938241 0.615904 0.035678 0.038097
0 0.821692 0.557173 0.023786 0.031747
0 0.755687 0.368284 0.022597 0.041269
0 0.803853 0.325427 0.021407 0.041269
0 0.711685 0.114315 0.020218 0.047619
0 0.379877 0.093680 0.024973 0.053969
0 0.189593 0.234952 0.044004 0.047619
0 0.081963 0.136538 0.011892 0.022222
0 0.091478 0.165904 0.014271 0.020634
0 0.113480 0.225426 0.017839 0.025397
0 0.214568 0.869871 0.032110 0.034919
0 0.468477 0.972252 0.035678 0.049206
0 0.159862 0.977729 0.036867 0.038253
0 0.588594 0.247650 0.016650 0.025397
0 0.607622 0.308760 0.014271 0.023809
0 0.896616 0.166697 0.030920 0.038097
