0 0.327548 0.345269 0.017839 0.026984
0 0.271058 0.189713 0.021407 0.026984
0 0.216351 0.045269 0.021407 0.026984
0 0.283545 0.635744 0.022595 0.036509
0 0.119425 0.780982 0.024975 0.028572
0 0.665897 0.811935 0.026165 0.039684
0 0.528536 0.523046 0.032110 0.046031
0 0.382255 0.221459 0.022597 0.042856
0 0.480370 0.059555 0.028544 0.046031
0 0.648652 0.420665 0.027354 0.038094
0 0.802069 0.767490 0.024975 0.042856
0 0.989933 0.830982 0.020134 0.036509
0 0.950134 0.702412 0.026165 0.042856
0 0.903157 0.564316 0.022595 0.030159
0 0.846667 0.416696 0.035678 0.042856
0 0.786608 0.278602 0.027352 0.036507
0 0.732496 0.139712 0.028542 0.050794
