0 0.347766 0.856379 0.022597 0.033334
0 0.271652 0.904791 0.029733 0.031747
0 0.290086 0.945269 0.021407 0.033334
0 0.279384 0.699237 0.021407 0.026982
0 0.226460 0.567491 0.022595 0.026984
0 0.142616 0.603205 0.030922 0.034919
0 0.177700 0.534951 0.029733 0.028572
0 0.131318 0.423840 0.029731 0.028569
0 0.082558 0.304791 0.022597 0.019047
0 0.041528 0.193682 0.021405 0.025397
0 0.010655 0.095269 0.021311 0.025397
0 0.020716 0.023840 0.022595 0.028569
0 0.774120 0.626221 0.019028 0.033332
0 0.791366 0.904791 0.024973 0.031747
0 0.652221 0.328602 0.029733 0.047619
0 0.523185 0.038126 0.023786 0.041271
0 0.988190 0.357174 0.021407 0.044444
0 0.950728 0.256380 0.032112 0.052381
0 0.920996 0.192094 0.022595 0.031747
0 0.898995 0.138126 0.016650 0.025397
0 0.894832 0.092094 0.015460 0.022222
0 0.921591 0.068285 0.014273 0.022222
0 0.945971 0.042094 0.015460 0.026984
