0 0.204459 0.607887 0.016650 0.019206
0 0.215162 0.583363 0.016650 0.020634
0 0.188403 0.461062 0.024973 0.023969
0 0.150942 0.355506 0.021407 0.025556
0 0.106938 0.219793 0.016650 0.023969
0 0.077206 0.129316 0.016652 0.027141
0 0.191972 0.065904 0.015462 0.020634
0 0.224677 0.158760 0.016650 0.019047
0 0.270463 0.284951 0.024975 0.026984
0 0.309115 0.383363 0.019028 0.020634
0 0.300196 0.486538 0.015460 0.017460
0 0.702764 0.960268 0.016650 0.028731
0 0.841315 0.944396 0.020218 0.028731
0 0.974514 0.939633 0.015460 0.019206
0 0.925753 0.795983 0.017839 0.020794
0 0.875209 0.642015 0.021407 0.027144
0 0.812772 0.476935 0.017839 0.027141
0 0.675412 0.142808 0.014271 0.028731
0 0.528536 0.076935 0.015462 0.027141
0 0.565998 0.256299 0.016652 0.023969
0 0.612380 0.400744 0.019028 0.027141
0 0.667086 0.544396 0.016650 0.022381
0 0.746173 0.735665 0.013081 0.027144
0 0.626056 0.762649 0.017839 0.023969
0 0.549942 0.611062 0.022597 0.022381
0 0.486317 0.592015 0.011892 0.025556
0 0.430421 0.450744 0.019028 0.028729
0 0.392959 0.330904 0.017839 0.030316
0 0.356686 0.222173 0.023784 0.035078
0 0.407825 0.139633 0.021407 0.019206
0 0.328143 0.086459 0.021407 0.033493
0 0.170565 0.744396 0.017839 0.025556
