0 0.170014 0.353105 0.027354 0.039684
0 0.038005 0.441994 0.024975 0.039681
0 0.083198 0.453899 0.022597 0.031747
0 0.130768 0.466598 0.022597 0.034919
0 0.168825 0.481677 0.022597 0.033334
0 0.202124 0.522152 0.024975 0.041271
0 0.225910 0.578502 0.022597 0.036509
0 0.251480 0.638026 0.019028 0.031744
0 0.275264 0.688026 0.021407 0.030157
0 0.306186 0.749137 0.028542 0.041271
0 0.328187 0.800724 0.020216 0.033334
0 0.381705 0.903899 0.017839 0.030159
0 0.410247 0.963423 0.015460 0.041269
0 0.454251 0.938820 0.024975 0.036507
0 0.310943 0.612629 0.028542 0.038094
0 0.533337 0.220565 0.028542 0.034922
0 0.581503 0.520565 0.024975 0.038097
0 0.716486 0.811835 0.023786 0.046031
0 0.981269 0.265014 0.025568 0.031752
0 0.084981 0.100724 0.035678 0.055554
