0 0.367434 0.270565 0.022595 0.030159
0 0.284779 0.312629 0.026165 0.031744
0 0.177744 0.381677 0.026163 0.026984
0 0.563069 0.229295 0.023786 0.052381
0 0.744434 0.488820 0.039246 0.038094
0 0.855036 0.745169 0.039246 0.046031
0 0.970395 0.851518 0.022597 0.030159
0 0.969205 0.900724 0.017839 0.030159
0 0.982289 0.944374 0.017839 0.031747
0 0.407868 0.203899 0.022597 0.033334
0 0.092711 0.457074 0.027354 0.028572
0 0.037410 0.668978 0.033301 0.023809
0 0.078440 0.793581 0.024975 0.031747
0 0.080224 0.862630 0.028544 0.023809
0 0.130173 0.970565 0.033301 0.026984
0 0.621938 0.874534 0.024975 0.053966
0 0.495281 0.580883 0.019028 0.025397
