0 0.023674 0.466598 0.027473 0.031744
0 0.067082 0.580883 0.023903 0.031747
0 0.064704 0.665804 0.028661 0.036507
0 0.111086 0.784851 0.031040 0.039681
0 0.067677 0.975327 0.027472 0.036509
0 0.234770 0.826121 0.026282 0.030159
0 0.341805 0.753898 0.028663 0.047619
0 0.466678 0.760248 0.023905 0.041269
0 0.590957 0.678502 0.025093 0.039684
0 0.654584 0.835645 0.028661 0.039681
0 0.576092 0.870566 0.023903 0.039681
0 0.505330 0.914216 0.029850 0.034919
0 0.406026 0.976121 0.021525 0.031747
0 0.715296 0.978502 0.023786 0.033334
