0 0.331711 0.049237 0.033301 0.034919
0 0.198512 0.403204 0.028544 0.028572
0 0.318629 0.415110 0.030920 0.033334
0 0.382256 0.413522 0.036867 0.036509
0 0.413176 0.509554 0.024973 0.034922
0 0.507723 0.321459 0.026163 0.036507
0 0.575512 0.438126 0.021407 0.022222
0 0.683736 0.365110 0.026165 0.038097
0 0.790176 0.297649 0.024973 0.036507
0 0.906724 0.223046 0.024975 0.036507
0 0.966188 0.474633 0.027354 0.038094
0 0.746767 0.634158 0.030920 0.046031
0 0.507129 0.853205 0.029731 0.052381
0 0.291871 0.793682 0.039246 0.031747
0 0.143806 0.522252 0.030922 0.038094
0 0.151536 0.651618 0.022595 0.039681
0 0.165808 0.833363 0.020218 0.028572
0 0.044501 0.484157 0.024975 0.022222
0 0.070666 0.523047 0.024975 0.026984
0 0.607622 0.942094 0.023786 0.036509
0 0.838341 0.783365 0.035678 0.042856
0 0.979271 0.750030 0.022595 0.030157
0 0.872830 0.834157 0.023786 0.036509
