0 0.629624 0.146855 0.022597 0.039681
0 0.533887 0.217491 0.019028 0.034922
0 0.555295 0.256379 0.014271 0.023809
0 0.439935 0.295268 0.026165 0.034919
0 0.455990 0.332570 0.017839 0.023809
0 0.375119 0.387332 0.024973 0.031747
0 0.446476 0.561141 0.022597 0.046034
0 0.503562 0.688126 0.020218 0.033334
0 0.595730 0.645269 0.019028 0.023809
0 0.557079 0.710348 0.020218 0.036509
0 0.609406 0.815110 0.022597 0.026984
0 0.655789 0.927015 0.020218 0.031744
0 0.335279 0.715904 0.021407 0.031747
0 0.103371 0.909554 0.040436 0.044446
0 0.139643 0.246857 0.015460 0.020634
0 0.155103 0.237332 0.015460 0.020634
0 0.205054 0.203204 0.015460 0.019047
0 0.244895 0.179395 0.019028 0.019047
0 0.282951 0.153998 0.011894 0.015872
0 0.322197 0.131776 0.011894 0.019047
0 0.362037 0.111935 0.013081 0.020634
0 0.403662 0.088126 0.015460 0.023809
0 0.442313 0.066697 0.019028 0.019047
0 0.482749 0.044475 0.011892 0.025397
0 0.508913 0.039713 0.009515 0.025397
0 0.529725 0.037332 0.022595 0.039684
