0 0.740226 0.510348 0.022597 0.033334
0 0.939430 0.762729 0.016652 0.030159
0 0.908509 0.663522 0.019028 0.031747
0 0.866884 0.538919 0.019028 0.026984
0 0.830016 0.438126 0.019028 0.028572
0 0.925158 0.372252 0.026165 0.036507
0 0.960836 0.468285 0.016650 0.028572
0 0.988743 0.610348 0.022513 0.036509
0 0.891264 0.122252 0.022597 0.044444
0 0.793150 0.190507 0.030920 0.028572
0 0.739038 0.238919 0.029731 0.030159
0 0.665302 0.149237 0.024975 0.044444
0 0.860344 0.852412 0.020218 0.038094
0 0.826450 0.754793 0.019028 0.036507
0 0.775904 0.613522 0.022597 0.033334
0 0.601081 0.366697 0.029731 0.031747
0 0.503562 0.439713 0.027354 0.038097
0 0.616543 0.027013 0.024975 0.025397
0 0.390580 0.513522 0.027354 0.030159
0 0.429827 0.865109 0.027354 0.044444
0 0.303168 0.548444 0.019028 0.023809
0 0.252030 0.607966 0.033299 0.041271
0 0.284140 0.834951 0.038057 0.038097
0 0.106938 0.586538 0.038057 0.046034
0 0.180673 0.247649 0.021407 0.034919
