0 0.539834 0.826221 0.023786 0.030157
0 0.535077 0.662729 0.023786 0.030159
0 0.530915 0.502412 0.036867 0.052381
0 0.512481 0.305586 0.028542 0.039681
0 0.504155 0.146855 0.030920 0.036507
0 0.043312 0.327807 0.020218 0.023809
0 0.721793 0.343682 0.030922 0.033334
0 0.743200 0.696855 0.040434 0.047619
0 0.922780 0.568284 0.026163 0.044444
0 0.911480 0.388914 0.017835 0.034912
0 0.899590 0.214316 0.015460 0.028572
0 0.844288 0.264316 0.030920 0.039684
0 0.874615 0.615110 0.032112 0.042859
0 0.897805 0.946855 0.030920 0.046031
0 0.078991 0.090507 0.022595 0.031747
0 0.190782 0.981761 0.029731 0.036479
