0 0.913266 0.576935 0.019028 0.039841
0 0.869857 0.422173 0.020218 0.035078
0 0.797906 0.173760 0.016650 0.033491
0 0.560052 0.072173 0.028544 0.039841
0 0.393554 0.242013 0.019028 0.039841
0 0.259760 0.291221 0.013081 0.011269
0 0.235974 0.307887 0.015460 0.022381
0 0.158671 0.368999 0.027354 0.030319
0 0.037960 0.466618 0.033299 0.035081
0 0.203269 0.819791 0.030920 0.039841
0 0.044502 0.877729 0.029731 0.035078
0 0.367389 0.540427 0.016650 0.020794
0 0.304952 0.657887 0.022597 0.027144
0 0.433989 0.697571 0.021405 0.020794
0 0.500588 0.856299 0.019028 0.023969
0 0.448855 0.945982 0.020218 0.038253
0 0.560052 0.977729 0.023786 0.028729
0 0.711090 0.046776 0.023786 0.030316
0 0.034393 0.103124 0.016650 0.019206
