0 0.559457 0.445983 0.017839 0.028731
0 0.746761 0.984858 0.021402 0.030283
0 0.707522 0.873760 0.019028 0.033491
0 0.857370 0.751538 0.021407 0.043016
0 0.662923 0.755507 0.020218 0.031903
0 0.676601 0.673760 0.016650 0.027141
0 0.637355 0.545983 0.019028 0.031906
0 0.502372 0.489633 0.024975 0.033493
0 0.388202 0.556299 0.022597 0.027144
0 0.263329 0.540427 0.022597 0.030319
0 0.147969 0.607887 0.022597 0.028731
0 0.166997 0.424555 0.015460 0.023969
0 0.096830 0.438046 0.022595 0.025556
0 0.051637 0.271380 0.027354 0.028731
0 0.023688 0.116618 0.021407 0.030319
0 0.121804 0.172174 0.015460 0.027144
0 0.130724 0.253919 0.019028 0.031903
0 0.249056 0.372174 0.015460 0.020794
0 0.222298 0.273761 0.021407 0.020794
0 0.355497 0.309475 0.021407 0.038253
0 0.464315 0.250744 0.020218 0.031903
0 0.580270 0.169793 0.011892 0.025556
0 0.544591 0.063443 0.023784 0.035081
0 0.689683 0.359474 0.023786 0.033493
0 0.718819 0.322173 0.020218 0.031903
0 0.910887 0.526935 0.016650 0.035078
0 0.904346 0.204713 0.020218 0.038253
0 0.432205 0.142808 0.024973 0.028731
0 0.322792 0.209474 0.022595 0.031906
0 0.234190 0.114237 0.014271 0.019206
0 0.299007 0.066618 0.022597 0.031906
0 0.391769 0.020585 0.029731 0.035078
