0 0.196134 0.281776 0.021407 0.026984
0 0.305547 0.542094 0.028542 0.030159
0 0.366200 0.687332 0.026165 0.038097
0 0.426853 0.829395 0.019028 0.030159
0 0.592757 0.767491 0.032112 0.036509
0 0.439340 0.407966 0.027354 0.034922
0 0.296032 0.096855 0.033299 0.047619
0 0.445882 0.098443 0.026165 0.041269
0 0.580270 0.407173 0.026165 0.039684
0 0.727740 0.712729 0.030922 0.041271
0 0.896022 0.889713 0.010703 0.020634
0 0.876993 0.838919 0.013081 0.020634
0 0.862722 0.807173 0.013083 0.017460
0 0.855586 0.783363 0.013081 0.023809
0 0.843098 0.753204 0.011894 0.020634
0 0.833584 0.724633 0.014271 0.017462
0 0.797312 0.658760 0.017839 0.022222
