0 0.816341 0.322252 0.039246 0.050794
0 0.699197 0.069872 0.028542 0.066666
0 0.985217 0.630983 0.020218 0.039681
0 0.966783 0.577013 0.016650 0.026984
0 0.947160 0.528601 0.017839 0.028572
0 0.945971 0.473046 0.017839 0.028569
0 0.976892 0.444475 0.020216 0.028572
0 0.944187 0.653205 0.045193 0.033332
0 0.938241 0.083363 0.033299 0.065078
0 0.448855 0.161143 0.022597 0.049206
0 0.574918 0.430190 0.032112 0.057144
0 0.693250 0.744474 0.033299 0.050794
0 0.225271 0.927015 0.029731 0.041269
0 0.176511 0.818284 0.029731 0.046031
0 0.127751 0.700824 0.024975 0.046031
0 0.078396 0.580982 0.033299 0.031747
0 0.034988 0.467491 0.027354 0.030159
0 0.038555 0.386538 0.027352 0.039684
0 0.069476 0.066697 0.024975 0.028572
