0 0.205649 0.254791 0.014271 0.020634
0 0.243705 0.355585 0.016650 0.028572
0 0.294249 0.487332 0.013081 0.025397
0 0.332901 0.590507 0.021407 0.028572
0 0.213378 0.679315 0.017839 0.022381
0 0.172943 0.568205 0.015462 0.035081
0 0.123588 0.426935 0.016650 0.028729
0 0.087910 0.322966 0.026165 0.033491
0 0.105022 0.070305 0.017229 0.022995
0 0.152370 0.027297 0.022491 0.031772
0 0.050439 0.014570 0.029068 0.029141
0 0.311580 0.183617 0.027621 0.031598
0 0.350379 0.280166 0.018413 0.021064
0 0.380629 0.428498 0.023674 0.040374
0 0.431923 0.345993 0.021044 0.026330
0 0.416798 0.532945 0.024991 0.031598
0 0.458885 0.660214 0.024991 0.036863
0 0.345776 0.721654 0.019729 0.019310
0 0.240556 0.783971 0.009206 0.017553
0 0.233981 0.808547 0.017098 0.024575
0 0.514784 0.795382 0.023674 0.029843
0 0.410879 0.114278 0.023674 0.036863
0 0.453625 0.209949 0.022360 0.031598
0 0.650910 0.962146 0.022358 0.029843
0 0.940854 0.976979 0.021174 0.028261
0 0.897452 0.838301 0.023805 0.035283
0 0.837609 0.678558 0.022491 0.028263
0 0.701481 0.345028 0.023807 0.028261
0 0.768558 0.937482 0.015915 0.033529
0 0.695562 0.757552 0.019860 0.031772
0 0.642295 0.614486 0.018545 0.019487
0 0.595605 0.469663 0.017229 0.024750
0 0.551545 0.286222 0.021176 0.037040
0 0.531816 0.194939 0.018545 0.037037
0 0.477891 0.036074 0.026438 0.035283
0 0.558120 0.022031 0.018544 0.028263
0 0.629143 0.180896 0.018544 0.033526
