0 0.711684 0.342093 0.034489 0.039681
0 0.880562 0.170666 0.015460 0.020634
0 0.876399 0.139713 0.011892 0.022222
0 0.871046 0.108760 0.015460 0.023809
0 0.854397 0.017491 0.015460 0.022222
0 0.249056 0.742888 0.017839 0.019047
0 0.215162 0.747649 0.016650 0.019050
0 0.186026 0.753999 0.015460 0.015875
0 0.099207 0.900824 0.020218 0.020637
0 0.095641 0.781776 0.020218 0.026984
0 0.105749 0.519872 0.021407 0.023809
0 0.065908 0.413522 0.020218 0.026984
0 0.055205 0.254791 0.027352 0.026984
0 0.049853 0.088126 0.023786 0.033334
0 0.585621 0.922252 0.027352 0.038094
0 0.564809 0.735744 0.023784 0.026984
0 0.549943 0.574633 0.027352 0.031744
0 0.535671 0.407173 0.024975 0.039684
0 0.517238 0.262729 0.026165 0.036509
0 0.502967 0.088919 0.023786 0.041271
0 0.771148 0.765902 0.041625 0.046031
0 0.958458 0.911141 0.016652 0.025397
0 0.887696 0.659554 0.024975 0.042859
0 0.916239 0.976221 0.029731 0.044444
0 0.835963 0.317490 0.033301 0.050794
0 0.918023 0.298443 0.011894 0.022224
0 0.894238 0.303204 0.011892 0.019047
0 0.889480 0.236538 0.016650 0.028572
0 0.885318 0.203204 0.015462 0.019047
