0 0.366200 0.192094 0.030922 0.034922
0 0.486911 0.472252 0.029731 0.036507
0 0.420906 0.324633 0.016650 0.026982
0 0.546970 0.612729 0.021405 0.034922
0 0.610001 0.757966 0.023786 0.036509
0 0.667086 0.895269 0.028544 0.025397
0 0.054016 0.702410 0.020218 0.026984
0 0.115858 0.846855 0.024973 0.033332
0 0.182457 0.919872 0.020218 0.030159
0 0.302574 0.049237 0.027352 0.034919
0 0.527941 0.115902 0.026163 0.053969
0 0.800880 0.190507 0.013081 0.019047
0 0.786608 0.159554 0.008326 0.020634
0 0.772337 0.134157 0.010705 0.017460
0 0.731308 0.052410 0.016650 0.022222
0 0.657572 0.076221 0.030920 0.053969
0 0.799096 0.365109 0.030922 0.047619
0 0.937646 0.652412 0.029731 0.047619
0 0.864506 0.820665 0.042814 0.053969
0 0.694439 0.461935 0.040436 0.047621
0 0.811583 0.221459 0.010705 0.014287
0 0.824665 0.248443 0.010705 0.017462
0 0.848450 0.307173 0.017839 0.020634
0 0.871046 0.292888 0.013081 0.026984
