0 0.779517 0.260249 0.021405 0.025397
0 0.904986 0.327709 0.024975 0.030159
0 0.295482 0.288026 0.021407 0.030157
0 0.130768 0.138026 0.029733 0.041269
0 0.497064 0.283265 0.020216 0.033334
0 0.913310 0.434058 0.022597 0.033334
0 0.644535 0.345962 0.017839 0.025397
0 0.646913 0.451518 0.020216 0.030159
0 0.381705 0.465009 0.020218 0.025397
0 0.131363 0.497549 0.028544 0.033334
0 0.728378 0.662629 0.021407 0.036507
0 0.780112 0.730090 0.027352 0.034922
0 0.825304 0.857074 0.027354 0.038097
0 0.871686 0.717391 0.027352 0.038094
0 0.947205 0.915010 0.019027 0.033332
0 0.008597 0.030883 0.017193 0.023809
