0 0.062936 0.687332 0.026163 0.028572
0 0.158671 0.611935 0.017839 0.020634
0 0.241327 0.543682 0.021407 0.017460
0 0.128346 0.575427 0.021407 0.026982
0 0.221109 0.503204 0.016650 0.022222
0 0.297223 0.451618 0.023786 0.030157
0 0.236569 0.295269 0.021407 0.025397
0 0.185431 0.166697 0.021407 0.025397
0 0.103370 0.203998 0.026165 0.026984
0 0.131319 0.135744 0.020218 0.023809
0 0.098018 0.041301 0.020218 0.022222
0 0.757471 0.505585 0.016650 0.026984
0 0.964999 0.780188 0.020218 0.030159
0 0.731307 0.205586 0.026163 0.046031
0 0.996473 0.132570 0.007053 0.033334
0 0.978080 0.086538 0.017839 0.030159
0 0.948944 0.034157 0.021407 0.023809
