0 0.102776 0.592093 0.027354 0.041269
0 0.043312 0.384157 0.032110 0.034922
0 0.148563 0.717491 0.033299 0.028572
0 0.232406 0.857966 0.027354 0.033334
0 0.447665 0.866696 0.036867 0.047619
0 0.383444 0.596063 0.024975 0.026984
0 0.394743 0.631776 0.019028 0.022222
0 0.547564 0.727015 0.022595 0.034919
0 0.590973 0.903999 0.026165 0.039681
0 0.248462 0.657173 0.030920 0.034922
0 0.202675 0.511141 0.029733 0.022222
0 0.155104 0.364316 0.024973 0.030159
0 0.269275 0.243680 0.034489 0.042856
0 0.215757 0.077015 0.017839 0.036507
0 0.325764 0.417491 0.019028 0.025397
0 0.077206 0.151618 0.026163 0.033332
