0 0.312088 0.852412 0.039244 0.038094
0 0.519616 0.807173 0.030922 0.039684
0 0.657572 0.850824 0.038057 0.038094
0 0.565998 0.984936 0.028542 0.030129
0 0.263328 0.690507 0.027352 0.031747
0 0.612974 0.668284 0.032112 0.041269
0 0.473235 0.626221 0.026163 0.030157
0 0.567782 0.480983 0.029731 0.041269
0 0.426259 0.441301 0.029733 0.038097
0 0.525563 0.298443 0.028542 0.031744
0 0.206242 0.437332 0.029731 0.042859
0 0.360848 0.170666 0.024973 0.030159
0 0.372741 0.209554 0.029731 0.038097
0 0.190188 0.100824 0.042814 0.036507
0 0.133102 0.296062 0.033299 0.042856
0 0.093856 0.198443 0.028542 0.041269
0 0.225866 0.238126 0.026163 0.028572
