0 0.103370 0.578601 0.026165 0.030159
0 0.263922 0.421460 0.026163 0.030159
0 0.316251 0.143682 0.016650 0.023809
0 0.511292 0.306380 0.035678 0.047619
0 0.654005 0.607173 0.026165 0.039684
0 0.777094 0.886539 0.029733 0.049206
0 0.918617 0.900030 0.027352 0.044444
0 0.787797 0.552412 0.024973 0.044444
0 0.988190 0.636538 0.021407 0.031747
0 0.937647 0.496062 0.020218 0.036507
0 0.883534 0.349237 0.016652 0.038094
0 0.827044 0.207966 0.022595 0.031747
0 0.765796 0.077807 0.023786 0.031747
0 0.629029 0.200824 0.019028 0.039681
