0 0.023377 0.085169 0.026163 0.038094
0 0.049302 0.182471 0.019028 0.019047
0 0.165258 0.210248 0.029731 0.036507
0 0.271102 0.130883 0.022595 0.023809
0 0.109955 0.529296 0.021407 0.026984
0 0.146228 0.635646 0.020218 0.026984
0 0.202124 0.773740 0.022597 0.033334
0 0.244938 0.881677 0.022597 0.026984
0 0.271102 0.973740 0.015462 0.017460
0 0.262777 0.991201 0.013081 0.014287
0 0.225910 0.451518 0.020218 0.033334
0 0.268724 0.557868 0.020218 0.020634
0 0.318079 0.690407 0.019028 0.031744
0 0.360298 0.791993 0.020218 0.025397
0 0.354946 0.890406 0.016650 0.025397
0 0.371596 0.921359 0.016650 0.023809
0 0.335918 0.384057 0.028544 0.034919
0 0.371596 0.479296 0.016650 0.025397
0 0.409058 0.630090 0.020218 0.028572
0 0.442357 0.735646 0.020218 0.026984
0 0.481603 0.858662 0.015460 0.031747
0 0.458414 0.557868 0.021407 0.026984
0 0.658806 0.383265 0.022597 0.033334
0 0.439384 0.304693 0.023784 0.038097
0 0.477441 0.408660 0.023784 0.036507
0 0.394192 0.125327 0.021407 0.034922
0 0.519066 0.057073 0.028542 0.041269
0 0.501821 0.230883 0.017839 0.030159
0 0.584476 0.213423 0.021407 0.030157
0 0.558906 0.404693 0.020218 0.031747
0 0.579719 0.494374 0.021407 0.033334
0 0.727783 0.552312 0.024975 0.031747
0 0.619560 0.678502 0.017839 0.033334
0 0.664752 0.817391 0.022595 0.034919
0 0.857414 0.874534 0.017839 0.028572
0 0.714702 0.953105 0.017839 0.026984
0 0.122443 0.263424 0.029731 0.025397
0 0.033842 0.014251 0.023786 0.028501
