0 0.391175 0.946062 0.028544 0.034919
0 0.326360 0.795268 0.029731 0.034919
0 0.262138 0.638126 0.032110 0.034922
0 0.202080 0.503999 0.030922 0.039681
0 0.168780 0.266697 0.038057 0.038097
0 0.106344 0.161935 0.017839 0.028572
0 0.237759 0.113522 0.035680 0.036509
0 0.406041 0.408761 0.032112 0.046031
0 0.541618 0.717490 0.027354 0.057144
0 0.840126 0.904793 0.024975 0.038094
0 0.787203 0.773840 0.030920 0.049206
0 0.733686 0.637332 0.030920 0.042859
0 0.668276 0.473046 0.030922 0.044444
0 0.600488 0.322252 0.021407 0.044444
0 0.545780 0.182570 0.021405 0.034922
