0 0.434583 0.086538 0.022595 0.030159
0 0.503562 0.253999 0.017839 0.034919
0 0.638545 0.593682 0.021407 0.031747
0 0.700980 0.762729 0.024975 0.042859
0 0.766390 0.922252 0.029731 0.047619
0 0.849639 0.900824 0.022597 0.039681
0 0.802069 0.742094 0.017839 0.030159
0 0.787798 0.661141 0.020218 0.033334
0 0.749741 0.473046 0.027352 0.034919
0 0.706332 0.329396 0.030922 0.042856
0 0.655789 0.184157 0.022597 0.034922
0 0.903156 0.598443 0.017839 0.031744
0 0.866290 0.735744 0.013083 0.023809
0 0.899590 0.834157 0.022597 0.036509
0 0.988743 0.761141 0.022513 0.033334
0 0.963215 0.666697 0.014271 0.031747
0 0.936457 0.520665 0.020218 0.038094
0 0.907914 0.415904 0.013081 0.028572
0 0.872236 0.297650 0.017839 0.023809
0 0.771148 0.130982 0.015462 0.026984
0 0.816935 0.160348 0.014271 0.022222
0 0.982243 0.365110 0.011892 0.015872
0 0.991717 0.267491 0.016566 0.023809
