0 0.027896 0.265010 0.026163 0.031744
0 0.065358 0.381677 0.022595 0.026984
0 0.136120 0.735646 0.021407 0.026984
0 0.177151 0.841993 0.020218 0.026984
0 0.113524 0.858662 0.019028 0.022222
0 0.231262 0.976121 0.023786 0.038097
0 0.039789 0.191201 0.028544 0.036507
0 0.137903 0.462629 0.027352 0.030157
0 0.184880 0.415009 0.026165 0.026984
0 0.294888 0.333263 0.029731 0.041269
0 0.420356 0.335645 0.026163 0.033332
0 0.539878 0.253899 0.027354 0.041271
0 0.252074 0.654693 0.027352 0.033334
0 0.357920 0.582470 0.034491 0.047619
0 0.459008 0.507073 0.032110 0.042856
0 0.290132 0.756280 0.017839 0.026984
0 0.395976 0.683263 0.029733 0.042856
0 0.501226 0.608660 0.026165 0.036507
0 0.344837 0.884057 0.034489 0.038094
0 0.436411 0.826121 0.034489 0.055554
0 0.486361 0.772946 0.024975 0.031747
0 0.466738 0.930883 0.019028 0.026984
0 0.385867 0.983265 0.023784 0.023809
0 0.528580 0.441994 0.023786 0.036507
0 0.610045 0.419771 0.022595 0.036509
0 0.585071 0.615010 0.022597 0.033332
0 0.602910 0.705487 0.024975 0.030159
0 0.683781 0.590407 0.017839 0.034919
0 0.740866 0.758662 0.020216 0.025397
0 0.639777 0.888820 0.017839 0.034919
0 0.012164 0.597549 0.024328 0.030159
