0 0.596963 0.702312 0.024975 0.042859
0 0.353757 0.861835 0.028544 0.044444
0 0.152175 0.584058 0.027354 0.025397
0 0.117687 0.595168 0.020218 0.015872
0 0.093901 0.279296 0.029733 0.031747
0 0.340675 0.178502 0.026165 0.036509
0 0.480415 0.430090 0.029731 0.041271
0 0.703998 0.560248 0.029731 0.041269
0 0.904985 0.639613 0.029731 0.044444
0 0.973368 0.434058 0.011892 0.030159
0 0.924609 0.420565 0.019028 0.028572
0 0.877037 0.407868 0.021407 0.031747
0 0.827683 0.393582 0.022597 0.038094
0 0.775949 0.385645 0.026163 0.031744
0 0.723620 0.370565 0.021407 0.030159
0 0.668319 0.361835 0.022597 0.034919
0 0.612424 0.345962 0.024973 0.038097
0 0.558312 0.336440 0.021407 0.028572
0 0.517282 0.320565 0.024973 0.028572
0 0.482198 0.284058 0.019028 0.031747
0 0.457819 0.226915 0.022597 0.028572
0 0.429870 0.169771 0.019028 0.028572
0 0.407274 0.122946 0.023786 0.033334
0 0.379921 0.068184 0.016650 0.031747
0 0.354946 0.018978 0.026165 0.031747
