0 0.013565 0.273740 0.026282 0.033334
0 0.050433 0.380883 0.028661 0.028572
0 0.042703 0.463423 0.027473 0.034919
0 0.086705 0.583265 0.027472 0.030159
0 0.034973 0.796756 0.031040 0.034922
0 0.160440 0.669771 0.027472 0.031747
0 0.213958 0.629296 0.022716 0.026984
0 0.323371 0.545963 0.025095 0.041269
0 0.441704 0.549137 0.031040 0.034922
0 0.567171 0.467391 0.032229 0.033332
0 0.554685 0.660248 0.026282 0.034919
0 0.483329 0.711041 0.026282 0.031744
0 0.383429 0.780090 0.035797 0.036509
0 0.278774 0.851518 0.033419 0.033334
0 0.164603 0.935646 0.023903 0.026984
0 0.634960 0.636438 0.020337 0.034919
0 0.608203 0.832471 0.021527 0.026984
0 0.702749 0.795963 0.022714 0.039681
0 0.629609 0.913423 0.019146 0.026982
0 0.521980 0.811835 0.029850 0.039681
0 0.422080 0.880883 0.025093 0.031747
0 0.317424 0.952312 0.025095 0.028572
0 0.759240 0.949930 0.035797 0.036509
