0 0.064124 0.200030 0.023786 0.031744
0 0.179484 0.219872 0.026165 0.030159
0 0.136670 0.055585 0.021407 0.028572
0 0.382255 0.144475 0.020218 0.028572
0 0.102776 0.362729 0.024975 0.026984
0 0.150942 0.535744 0.021407 0.026984
0 0.197323 0.705585 0.028544 0.030159
0 0.230027 0.688126 0.017839 0.026984
0 0.347767 0.783363 0.034489 0.026984
0 0.359064 0.827015 0.021405 0.031744
0 0.427448 0.982554 0.020218 0.034891
0 0.549942 0.900030 0.022597 0.034919
0 0.497020 0.757173 0.023786 0.031747
0 0.506534 0.550030 0.028542 0.033332
0 0.428637 0.298443 0.022597 0.028569
0 0.659950 0.783363 0.019028 0.030159
0 0.596325 0.684157 0.017839 0.025397
0 0.731902 0.980174 0.022597 0.039651
0 0.749741 0.646062 0.027352 0.038094
0 0.909698 0.483363 0.023786 0.030159
0 0.492858 0.196857 0.010705 0.028572
0 0.276410 0.570666 0.020218 0.030159
0 0.228244 0.388919 0.028542 0.041271
