0 0.671249 0.534872 0.024975 0.047778
0 0.912671 0.527729 0.027354 0.039841
0 0.720009 0.903126 0.022597 0.035078
0 0.610001 0.984062 0.030922 0.031876
0 0.122399 0.885665 0.019028 0.019206
0 0.094452 0.472173 0.055896 0.030316
0 0.346577 0.572173 0.029733 0.049366
0 0.232406 0.747570 0.022597 0.035078
0 0.598704 0.344395 0.017839 0.035078
0 0.571944 0.176141 0.019028 0.025554
0 0.523779 0.185666 0.024975 0.044603
0 0.425069 0.298363 0.036869 0.044603
0 0.588594 0.422174 0.026165 0.025556
0 0.376903 0.761855 0.023784 0.035081
0 0.052827 0.630190 0.022597 0.038094
0 0.171160 0.383284 0.019028 0.020794
0 0.066503 0.246776 0.023786 0.033491
0 0.150942 0.168999 0.019028 0.027144
0 0.516643 0.776141 0.027354 0.031903
