0 0.395322 0.270565 0.019148 0.026984
0 0.564199 0.890407 0.019148 0.028569
0 0.536846 0.833265 0.019146 0.028572
0 0.510087 0.775327 0.025095 0.030159
0 0.486301 0.726121 0.020337 0.026984
0 0.458948 0.663423 0.022714 0.031744
0 0.436352 0.617391 0.022716 0.034919
0 0.385213 0.501518 0.025093 0.034922
0 0.354886 0.441199 0.019148 0.028572
0 0.333479 0.391993 0.019148 0.028572
0 0.329912 0.334852 0.023903 0.031747
0 0.366185 0.304693 0.027472 0.031747
0 0.429217 0.837232 0.029850 0.036507
0 0.180658 0.896756 0.032229 0.034922
0 0.059352 0.616598 0.032231 0.036507
0 0.282936 0.507868 0.029852 0.028572
0 0.139033 0.179296 0.036987 0.034922
0 0.388187 0.072946 0.026282 0.041271
0 0.612424 0.264206 0.029735 0.039687
0 0.739676 0.360248 0.024973 0.038094
0 0.831251 0.247551 0.024975 0.044444
0 0.920446 0.328502 0.024975 0.034922
