0 0.752714 0.765030 0.030920 0.035081
0 0.845477 0.672173 0.021405 0.039841
0 0.796122 0.534871 0.024975 0.035081
0 0.692062 0.306301 0.021407 0.035078
0 0.615948 0.121379 0.021407 0.039841
0 0.439340 0.172174 0.020218 0.020794
0 0.503562 0.174554 0.024975 0.031903
0 0.388796 0.045983 0.030922 0.025556
0 0.174132 0.174555 0.017839 0.022381
0 0.115263 0.904713 0.026163 0.025554
0 0.802069 0.887252 0.024975 0.038256
0 0.874615 0.986443 0.022597 0.027113
0 0.948944 0.568205 0.033301 0.035081
0 0.894238 0.402332 0.019028 0.027141
0 0.830016 0.236459 0.019028 0.028731
0 0.759255 0.068998 0.020218 0.046191
0 0.656383 0.549952 0.011894 0.023969
0 0.577296 0.338046 0.010703 0.019206
0 0.892454 0.807094 0.015460 0.030316
0 0.187215 0.136459 0.022597 0.028731
