0 0.073088 0.032470 0.026165 0.039681
0 0.149202 0.241201 0.028544 0.034919
0 0.126011 0.516596 0.036867 0.030159
0 0.032059 0.661835 0.032110 0.050794
0 0.043357 0.815804 0.023786 0.031744
0 0.092116 0.826121 0.021407 0.033334
0 0.137903 0.843582 0.027352 0.036507
0 0.187259 0.857074 0.021407 0.034922
0 0.230668 0.795963 0.027354 0.039681
0 0.225315 0.876121 0.023786 0.031747
0 0.261588 0.915803 0.017839 0.028572
0 0.285371 0.965808 0.029731 0.033344
0 0.592206 0.624534 0.032110 0.026984
0 0.366244 0.350724 0.020216 0.028572
0 0.637993 0.934057 0.026165 0.049206
0 0.235424 0.076121 0.029731 0.034922
