0 0.873425 0.275427 0.032112 0.033332
0 0.857370 0.579396 0.033301 0.038094
0 0.732497 0.269079 0.016650 0.030159
0 0.954891 0.867490 0.049949 0.055556
0 0.980419 0.581777 0.039163 0.039681
0 0.024879 0.549157 0.026163 0.038253
0 0.310304 0.842015 0.011892 0.020794
0 0.345982 0.955507 0.021407 0.028729
0 0.429232 0.907887 0.016650 0.028731
0 0.500588 0.753919 0.016650 0.035078
0 0.532698 0.726935 0.014271 0.022379
0 0.543997 0.701539 0.015460 0.019206
0 0.538645 0.865030 0.019028 0.028731
0 0.137860 0.866618 0.033299 0.035081
0 0.187810 0.690427 0.021407 0.031906
0 0.084342 0.736460 0.028544 0.050953
0 0.983987 0.169077 0.032027 0.042856
0 0.932295 0.034951 0.023786 0.031747
