0 0.090884 0.165904 0.024975 0.026984
0 0.136076 0.330982 0.027352 0.026984
0 0.178889 0.499237 0.024975 0.033332
0 0.212783 0.499237 0.021407 0.023812
0 0.323980 0.574633 0.017839 0.025394
0 0.331116 0.611141 0.010703 0.022222
0 0.403662 0.788919 0.024975 0.028572
0 0.473234 0.951618 0.016650 0.036507
0 0.585027 0.830188 0.021405 0.034922
0 0.526752 0.688126 0.026163 0.033334
0 0.472640 0.540507 0.022595 0.026984
0 0.407230 0.093682 0.020218 0.028572
0 0.258571 0.347649 0.024975 0.031744
0 0.208027 0.182570 0.026163 0.031747
0 0.482749 0.338126 0.028544 0.041271
0 0.572539 0.463522 0.022597 0.028572
0 0.641517 0.588126 0.029731 0.042859
0 0.719414 0.796855 0.023786 0.034919
0 0.788392 0.986523 0.023784 0.026954
0 0.728333 0.434157 0.032110 0.039684
0 0.885912 0.269872 0.021407 0.028572
0 0.620111 0.290507 0.017839 0.034922
