0 0.889480 0.883363 0.014271 0.033334
0 0.879967 0.980968 0.023786 0.038064
0 0.874615 0.742888 0.024975 0.034922
0 0.850830 0.400824 0.032110 0.033332
0 0.814557 0.062729 0.030920 0.046034
0 0.871046 0.027807 0.013081 0.023809
0 0.886507 0.198443 0.017839 0.031744
0 0.897211 0.373046 0.022597 0.028569
0 0.715847 0.472254 0.038057 0.023809
0 0.769958 0.842093 0.039246 0.042856
0 0.690871 0.111935 0.035678 0.039684
0 0.487506 0.090507 0.028542 0.034922
0 0.497615 0.277015 0.022597 0.036507
0 0.503562 0.439713 0.020218 0.031747
0 0.511885 0.604791 0.017839 0.031747
0 0.411987 0.648443 0.036867 0.033332
0 0.153915 0.761141 0.034489 0.036509
0 0.406635 0.909554 0.028544 0.044446
0 0.028446 0.116697 0.019028 0.023809
0 0.017743 0.234951 0.019028 0.028572
0 0.069476 0.863522 0.027354 0.031747
