0 0.517281 0.088820 0.017839 0.044444
0 0.079035 0.732471 0.028544 0.036509
0 0.312133 0.932470 0.023784 0.039681
0 0.315700 0.740407 0.021407 0.033332
0 0.344838 0.705487 0.020218 0.033334
0 0.381705 0.674534 0.024975 0.031747
0 0.378732 0.622152 0.026165 0.038097
0 0.352567 0.566598 0.026165 0.034919
0 0.326998 0.508660 0.024973 0.036507
0 0.274670 0.399930 0.024973 0.034922
0 0.253263 0.349930 0.022595 0.036509
0 0.227099 0.292788 0.027354 0.036507
0 0.203908 0.241994 0.026165 0.036507
0 0.181312 0.187232 0.019028 0.031744
0 0.158717 0.134851 0.021407 0.034919
0 0.129579 0.099930 0.020218 0.034922
0 0.092711 0.084852 0.017839 0.030159
0 0.250885 0.172152 0.020218 0.033334
0 0.395382 0.499930 0.023786 0.038097
0 0.552366 0.833263 0.028542 0.044444
0 0.785463 0.680883 0.026165 0.038097
0 0.902607 0.948343 0.027354 0.042859
0 0.652264 0.383265 0.026165 0.033334
