0 0.612380 0.383363 0.019028 0.033334
0 0.681952 0.561141 0.015460 0.033334
0 0.744984 0.722252 0.027354 0.041269
0 0.480370 0.057966 0.019028 0.039684
0 0.678384 0.127808 0.020216 0.046031
0 0.724171 0.269077 0.023786 0.046031
0 0.763418 0.454791 0.021407 0.033334
0 0.780662 0.541301 0.020218 0.041271
0 0.828827 0.714316 0.019028 0.031747
0 0.803259 0.877015 0.029733 0.046031
0 0.881751 0.639713 0.017839 0.031747
0 0.844883 0.540507 0.022595 0.030159
0 0.976297 0.569079 0.021405 0.033334
0 0.943592 0.468285 0.017839 0.025397
0 0.912671 0.324633 0.015460 0.026982
0 0.875209 0.388919 0.021407 0.031747
0 0.875804 0.220666 0.017839 0.025397
0 0.840126 0.103998 0.015460 0.026984
0 0.988190 0.272252 0.021407 0.033332
0 0.951918 0.176221 0.020218 0.038094
0 0.942403 0.053204 0.010705 0.023809
0 0.959648 0.077013 0.016652 0.023809
