0 0.569447 0.876697 0.023784 0.033334
0 0.496425 0.704713 0.017839 0.031903
0 0.435178 0.541221 0.021405 0.025556
0 0.363821 0.368998 0.021407 0.036666
0 0.303169 0.200030 0.030920 0.041269
0 0.153320 0.103204 0.026163 0.028572
0 0.433989 0.119872 0.023784 0.033334
0 0.485128 0.260348 0.026165 0.034922
0 0.541618 0.403204 0.022597 0.031747
0 0.648058 0.633363 0.023786 0.034922
0 0.721793 0.820665 0.023786 0.034919
0 0.765202 0.946855 0.027354 0.046031
0 0.876993 0.758760 0.013081 0.022222
0 0.760444 0.597649 0.017839 0.036507
0 0.679574 0.384951 0.022595 0.030159
0 0.594541 0.171460 0.019028 0.028572
