0 0.479776 0.337332 0.015460 0.030159
0 0.876993 0.830983 0.027354 0.046031
0 0.787204 0.919872 0.021407 0.033334
0 0.902563 0.917491 0.014273 0.028572
0 0.994095 0.839713 0.011811 0.031747
0 0.968567 0.746855 0.022597 0.049206
0 0.945971 0.522252 0.027354 0.047619
0 0.841910 0.606379 0.023786 0.038097
0 0.788987 0.646855 0.022595 0.042856
0 0.717036 0.569077 0.023784 0.039681
0 0.664113 0.443682 0.027354 0.033334
0 0.664113 0.362729 0.020218 0.033334
0 0.608812 0.242094 0.016650 0.026984
0 0.560647 0.129396 0.022597 0.052381
0 0.507724 0.016697 0.021407 0.033334
0 0.232407 0.683365 0.034489 0.046031
0 0.113479 0.396855 0.027352 0.034919
0 0.018980 0.129316 0.037960 0.043016
0 0.668870 0.755586 0.020218 0.041269
0 0.649247 0.795268 0.026165 0.034919
0 0.557673 0.869871 0.026165 0.041269
0 0.449450 0.941301 0.023786 0.038097
