0 0.465505 0.319793 0.017839 0.033493
0 0.756282 0.939633 0.026163 0.044606
0 0.847856 0.872173 0.026163 0.043016
0 0.947160 0.799951 0.022597 0.044603
0 0.940619 0.472173 0.033299 0.033491
0 0.825854 0.155507 0.036867 0.041428
0 0.948350 0.177729 0.039246 0.025554
0 0.499993 0.319793 0.015460 0.023969
0 0.508914 0.294396 0.019028 0.023969
0 0.623083 0.809474 0.023784 0.031906
0 0.589783 0.697570 0.021407 0.030316
0 0.541024 0.552332 0.023786 0.035078
0 0.505346 0.438840 0.021407 0.030319
0 0.156293 0.270585 0.020218 0.033491
0 0.044502 0.320585 0.041625 0.038253
0 0.095045 0.464237 0.026163 0.039843
0 0.127751 0.609474 0.022597 0.031906
0 0.166402 0.782491 0.035678 0.035078
0 0.181268 0.868204 0.034491 0.044603
0 0.038555 0.707888 0.036867 0.038253
0 0.099208 0.870585 0.029731 0.033491
0 0.299007 0.967412 0.020218 0.030319
0 0.264517 0.869791 0.024973 0.035078
0 0.402473 0.914237 0.020218 0.028731
0 0.367389 0.810268 0.028544 0.020794
0 0.271058 0.743602 0.028544 0.036668
0 0.339441 0.669791 0.022595 0.038253
0 0.308520 0.558682 0.024975 0.035078
0 0.272842 0.436459 0.022597 0.031906
0 0.510102 0.854713 0.016652 0.036666
0 0.475019 0.749951 0.027352 0.036666
0 0.426853 0.612649 0.023786 0.038256
0 0.392959 0.507887 0.017839 0.025556
