0 0.040339 0.195268 0.028542 0.038094
0 0.097424 0.388919 0.026163 0.034922
0 0.138455 0.513521 0.039246 0.052381
0 0.217541 0.646855 0.026165 0.036507
0 0.281167 0.899237 0.027352 0.036507
0 0.483938 0.837332 0.030922 0.033334
0 0.616543 0.867490 0.020218 0.039681
0 0.581458 0.693680 0.040436 0.047619
0 0.536861 0.511141 0.024975 0.038097
0 0.441720 0.659555 0.036867 0.049206
0 0.367984 0.380982 0.024975 0.028572
0 0.381661 0.423840 0.028542 0.044444
0 0.231813 0.446062 0.035678 0.038094
0 0.197324 0.302412 0.038057 0.046031
0 0.147969 0.165110 0.024975 0.034922
0 0.319223 0.212729 0.032110 0.038097
0 0.265706 0.054713 0.024973 0.027141
