0 0.850234 0.192093 0.019028 0.041269
0 0.588594 0.176220 0.016650 0.025397
0 0.655194 0.348443 0.021407 0.036507
0 0.721198 0.526221 0.022597 0.033332
0 0.788987 0.689713 0.022595 0.039684
0 0.907914 0.609554 0.024975 0.034922
0 0.809205 0.505585 0.024973 0.036509
0 0.752714 0.330188 0.019027 0.034922
0 0.734875 0.242887 0.021405 0.038094
0 0.693845 0.071379 0.029731 0.050953
0 0.858560 0.443682 0.016650 0.023809
0 0.816935 0.340507 0.019028 0.026984
0 0.950728 0.378601 0.017839 0.033334
0 0.918024 0.278601 0.019028 0.030159
0 0.878777 0.138919 0.019028 0.030159
0 0.956080 0.093682 0.021407 0.031747
