0 0.458963 0.288126 0.021407 0.030159
0 0.392959 0.120666 0.024975 0.031747
0 0.527348 0.460348 0.017839 0.031747
0 0.659356 0.797649 0.022595 0.036507
0 0.721793 0.958760 0.023786 0.031747
0 0.820503 0.940507 0.021407 0.033334
0 0.805043 0.862729 0.026165 0.036509
0 0.772932 0.681777 0.023784 0.039681
0 0.731902 0.544474 0.024973 0.038094
0 0.679573 0.393682 0.020218 0.031747
0 0.604650 0.207966 0.024973 0.041271
0 0.715847 0.184951 0.016652 0.030159
0 0.844289 0.359554 0.016650 0.020634
0 0.794338 0.341301 0.016650 0.028572
0 0.894238 0.500824 0.023786 0.036507
0 0.926942 0.613522 0.017839 0.023809
0 0.953702 0.716697 0.019028 0.026984
0 0.922186 0.800823 0.024973 0.023809
0 0.993500 0.937332 0.013000 0.026984
0 0.878183 0.923047 0.017839 0.023809
