0 0.525563 0.883365 0.030920 0.046031
0 0.467883 0.751618 0.036867 0.046031
0 0.406041 0.616697 0.024975 0.036509
0 0.348955 0.473840 0.039244 0.049206
0 0.285330 0.330190 0.026163 0.038094
0 0.181268 0.080982 0.024975 0.028572
0 0.415555 0.187332 0.024973 0.041271
0 0.570161 0.546062 0.029731 0.034919
0 0.728333 0.881697 0.041625 0.052540
0 0.840721 0.780110 0.023786 0.036666
0 0.702764 0.495190 0.023786 0.028731
0 0.555295 0.192015 0.021407 0.035081
0 0.887102 0.703918 0.011894 0.020794
0 0.865100 0.645983 0.015462 0.028731
0 0.852018 0.615824 0.010703 0.022381
0 0.842505 0.586459 0.015460 0.017619
0 0.830611 0.555506 0.013081 0.019206
0 0.816935 0.525348 0.014271 0.016034
0 0.777688 0.451538 0.021407 0.039841
