0 0.106983 0.307074 0.034489 0.030159
0 0.131363 0.037232 0.023786 0.042856
0 0.199746 0.576121 0.032110 0.047621
0 0.014219 0.623740 0.020218 0.034922
0 0.063574 0.635645 0.026163 0.036507
0 0.105793 0.646756 0.020218 0.033334
0 0.156933 0.663423 0.022597 0.038094
0 0.197367 0.684852 0.022595 0.030159
0 0.228884 0.721359 0.023786 0.033334
0 0.256236 0.777709 0.021407 0.031747
0 0.283590 0.836438 0.023786 0.038094
0 0.307376 0.884852 0.021407 0.030159
0 0.334134 0.940407 0.022597 0.042856
0 0.340675 0.827709 0.021407 0.036509
0 0.564259 0.422152 0.028544 0.028572
0 0.340675 0.141994 0.023786 0.039681
0 0.609451 0.730882 0.021405 0.042856
