0 0.305547 0.846855 0.028542 0.042856
0 0.348361 0.546857 0.026165 0.026984
0 0.282356 0.388126 0.024973 0.036509
0 0.227650 0.234157 0.032110 0.036509
0 0.174727 0.111141 0.028542 0.034922
0 0.261544 0.135744 0.030920 0.039684
0 0.399500 0.435746 0.035678 0.049206
0 0.546970 0.729396 0.035678 0.061906
0 0.808015 0.957174 0.029731 0.044444
0 0.667087 0.633365 0.038057 0.050794
0 0.496426 0.280190 0.034489 0.052381
0 0.956674 0.893682 0.024973 0.031747
0 0.915050 0.768285 0.022597 0.031747
0 0.846072 0.619872 0.024973 0.030159
0 0.809799 0.489713 0.023784 0.039684
0 0.756876 0.349237 0.022597 0.038094
0 0.692061 0.209555 0.035678 0.053969
0 0.630219 0.053205 0.030922 0.052381
