0 0.345432 0.267391 0.033299 0.039681
0 0.809249 0.645962 0.026165 0.034922
0 0.754543 0.513423 0.021407 0.033332
0 0.695673 0.441994 0.022597 0.033332
0 0.850874 0.499930 0.016650 0.028572
0 0.934717 0.708660 0.022597 0.036507
0 0.947205 0.851518 0.021405 0.033334
0 0.826493 0.953899 0.022597 0.031747
0 0.680808 0.769771 0.023786 0.034922
0 0.875848 0.208662 0.035678 0.033334
0 0.858603 0.106280 0.024975 0.031747
0 0.970990 0.035645 0.023786 0.039681
0 0.728378 0.044376 0.023786 0.038094
0 0.601126 0.128502 0.021407 0.034922
0 0.609452 0.237232 0.019028 0.036507
0 0.455440 0.082470 0.017839 0.038094
0 0.257426 0.095962 0.030920 0.036509
0 0.104604 0.318978 0.020216 0.031747
