0 0.679618 0.191201 0.026165 0.042856
0 0.798486 0.293581 0.028661 0.031747
0 0.836543 0.636440 0.026282 0.022222
0 0.710480 0.580883 0.040555 0.031747
0 0.749786 0.930088 0.038057 0.044444
0 0.558312 0.707073 0.026165 0.039681
0 0.589828 0.978502 0.027352 0.033334
0 0.866333 0.970566 0.030920 0.042856
0 0.194395 0.557074 0.023786 0.025397
0 0.216990 0.707868 0.019028 0.028572
0 0.240182 0.857074 0.029731 0.038097
0 0.130768 0.962630 0.022597 0.026984
0 0.106982 0.820565 0.017839 0.025397
0 0.086170 0.681677 0.021405 0.036509
0 0.108172 0.522152 0.027352 0.028572
