0 0.092711 0.395962 0.022597 0.026984
0 0.126606 0.386440 0.033299 0.026984
0 0.320457 0.652312 0.030922 0.034922
0 0.461386 0.945962 0.024973 0.038097
0 0.537499 0.769772 0.022597 0.050794
0 0.907958 0.895169 0.028542 0.038094
0 0.988468 0.845169 0.023064 0.039681
0 0.564853 0.488026 0.024975 0.030157
0 0.877633 0.434057 0.029731 0.042856
0 0.674266 0.337232 0.024975 0.046031
0 0.448902 0.208662 0.026172 0.033334
0 0.080819 0.088820 0.027354 0.025394
0 0.989062 0.259455 0.021875 0.030159
0 0.942448 0.242787 0.021407 0.031747
0 0.896065 0.230090 0.021407 0.034922
0 0.846116 0.213423 0.023786 0.042856
0 0.797951 0.202312 0.022595 0.033334
0 0.747406 0.190407 0.019028 0.031744
0 0.694484 0.172946 0.022597 0.038097
0 0.637993 0.168184 0.023786 0.031747
0 0.586260 0.159455 0.022597 0.033334
0 0.533338 0.144374 0.021407 0.025397
0 0.488740 0.127709 0.020218 0.026984
0 0.457818 0.088820 0.024973 0.034919
0 0.431654 0.036438 0.024975 0.031744
