0 0.035582 0.172252 0.028544 0.036507
0 0.014770 0.057966 0.022597 0.033334
0 0.080180 0.351618 0.032110 0.039681
0 0.224081 0.283363 0.034489 0.036509
0 0.165213 0.575427 0.028544 0.033332
0 0.213378 0.721459 0.024975 0.036507
0 0.255598 0.866697 0.019028 0.031747
0 0.336469 0.634157 0.021407 0.036509
0 0.396527 0.811141 0.020216 0.034922
0 0.410798 0.845269 0.022597 0.023809
0 0.560647 0.932570 0.022597 0.039684
0 0.276410 0.450030 0.024975 0.036507
0 0.121804 0.791299 0.022597 0.042856
0 0.049853 0.581776 0.023786 0.026984
0 0.038555 0.927013 0.029731 0.028572
0 0.171754 0.115110 0.027352 0.039684
