0 0.428086 0.115804 0.022597 0.038094
0 0.794383 0.092788 0.027352 0.046031
0 0.957908 0.036438 0.021407 0.031744
0 0.881200 0.086438 0.020218 0.039681
0 0.317485 0.291201 0.036867 0.042856
0 0.080819 0.028502 0.024975 0.034922
0 0.182502 0.299137 0.035678 0.039684
0 0.306780 0.602312 0.027352 0.033334
0 0.445331 0.645168 0.028542 0.036509
0 0.486955 0.847549 0.021407 0.031747
0 0.439920 0.898343 0.022714 0.057141
0 0.632641 0.869772 0.020218 0.060319
0 0.353757 0.935645 0.028544 0.036507
0 0.042168 0.916596 0.021407 0.026984
