0 0.676600 0.957093 0.014273 0.028731
0 0.862723 0.945983 0.015460 0.031906
0 0.684330 0.878522 0.020218 0.033491
0 0.648058 0.757887 0.016650 0.030319
0 0.568971 0.661855 0.022597 0.035081
0 0.516643 0.706301 0.017839 0.028729
0 0.401878 0.775348 0.019028 0.033491
0 0.276410 0.753919 0.022597 0.028729
0 0.161645 0.811062 0.021407 0.028731
0 0.180079 0.635665 0.013081 0.023969
0 0.106938 0.644396 0.019028 0.035081
0 0.048664 0.473760 0.026165 0.043016
0 0.011250 0.311059 0.022500 0.041431
0 0.260355 0.579316 0.019028 0.025554
0 0.227650 0.472968 0.022595 0.025556
0 0.363821 0.512649 0.021407 0.028731
0 0.476802 0.453919 0.021407 0.031903
0 0.331116 0.410268 0.020218 0.027144
0 0.135481 0.459474 0.014273 0.020794
0 0.123588 0.372968 0.016650 0.025556
0 0.108128 0.198365 0.014271 0.025556
0 0.079584 0.069793 0.019028 0.028731
0 0.237164 0.319793 0.020218 0.030319
0 0.443503 0.345188 0.023786 0.036666
0 0.396527 0.210269 0.024973 0.043016
0 0.308520 0.265030 0.027354 0.031906
0 0.281762 0.153919 0.019028 0.025554
0 0.366795 0.107887 0.015460 0.019206
0 0.253813 0.041221 0.027354 0.038256
0 0.589188 0.383285 0.024975 0.039841
0 0.554700 0.272173 0.029733 0.055715
0 0.508913 0.124554 0.021405 0.039841
0 0.474423 0.024554 0.021407 0.039841
0 0.701575 0.568205 0.023786 0.031906
0 0.727740 0.534871 0.023786 0.031906
0 0.922779 0.408682 0.019028 0.039841
0 0.894832 0.072966 0.027354 0.041428
0 0.918024 0.730110 0.021407 0.035078
