0 0.609406 0.969793 0.020218 0.031906
0 0.421501 0.743602 0.017839 0.027144
0 0.540429 0.786459 0.017839 0.027144
0 0.477991 0.650744 0.021407 0.028729
0 0.410798 0.492808 0.022597 0.023969
0 0.336468 0.333285 0.033299 0.035078
0 0.239543 0.095983 0.015460 0.017619
0 0.217541 0.115824 0.019028 0.019206
0 0.275815 0.447570 0.021407 0.028729
0 0.135481 0.161855 0.026163 0.035081
0 0.021905 0.260269 0.034489 0.041428
0 0.176510 0.606301 0.024975 0.028729
0 0.139643 0.968205 0.020218 0.031906
0 0.080180 0.835665 0.024973 0.030319
0 0.011796 0.679316 0.021407 0.028729
0 0.312088 0.899157 0.022597 0.033491
0 0.891264 0.373760 0.020218 0.033491
0 0.844884 0.219791 0.020218 0.039841
