0 0.392364 0.954793 0.033299 0.042856
0 0.253813 0.615110 0.029733 0.023809
0 0.083748 0.372252 0.032110 0.042856
0 0.226460 0.385744 0.032110 0.034922
0 0.280572 0.334157 0.026163 0.026984
0 0.371552 0.298443 0.022597 0.031744
0 0.406635 0.642888 0.023786 0.028572
0 0.538645 0.942887 0.023786 0.041269
0 0.483344 0.230190 0.024975 0.038094
0 0.575512 0.157966 0.021407 0.036509
0 0.717630 0.033363 0.022597 0.031747
0 0.718819 0.296063 0.022597 0.030159
0 0.759849 0.404791 0.023786 0.028572
0 0.809205 0.545268 0.022595 0.039681
0 0.843099 0.650824 0.023786 0.031744
0 0.927537 0.569872 0.016650 0.031747
0 0.895427 0.472252 0.021407 0.033332
0 0.846072 0.339713 0.022595 0.038097
0 0.809205 0.238919 0.017841 0.030159
0 0.901374 0.176220 0.019028 0.028572
0 0.937051 0.273840 0.011894 0.026982
0 0.966783 0.415904 0.019028 0.034922
0 0.983433 0.126221 0.019028 0.033332
0 0.168186 0.043682 0.027352 0.026984
