0 0.081964 0.703919 0.030920 0.033491
0 0.231217 0.978522 0.024975 0.033491
0 0.467289 0.883284 0.019028 0.030319
0 0.639138 0.720586 0.022595 0.028731
0 0.785420 0.680904 0.022597 0.031903
0 0.866290 0.803126 0.015462 0.031903
0 0.874615 0.604713 0.024975 0.035078
0 0.832395 0.464237 0.021407 0.036668
0 0.771742 0.318998 0.026163 0.038253
0 0.868668 0.195188 0.022597 0.038253
0 0.935863 0.368205 0.026165 0.035081
0 0.667681 0.099157 0.020218 0.033491
0 0.792554 0.050744 0.020218 0.035078
0 0.992906 0.530982 0.014187 0.030159
