0 0.840170 0.536438 0.042814 0.041269
0 0.720053 0.277707 0.023784 0.050794
0 0.536904 0.026949 0.021407 0.053898
0 0.966768 0.271359 0.036987 0.025397
0 0.993820 0.641201 0.012360 0.031744
0 0.963260 0.670565 0.022597 0.036509
0 0.961476 0.719771 0.019028 0.030159
0 0.715890 0.946757 0.032110 0.052381
0 0.965044 0.856279 0.052330 0.049206
0 0.154554 0.899930 0.027354 0.041271
0 0.104009 0.780883 0.026163 0.028572
0 0.057628 0.666596 0.028544 0.028572
0 0.055844 0.586440 0.024975 0.026984
0 0.023733 0.468978 0.029731 0.020634
0 0.077251 0.258662 0.032112 0.034922
0 0.162283 0.177709 0.019028 0.025397
0 0.265751 0.108662 0.023786 0.023809
0 0.346621 0.061835 0.021405 0.038094
0 0.473873 0.367391 0.028542 0.036507
0 0.594585 0.667391 0.027352 0.033332
0 0.979315 0.765804 0.019028 0.030157
0 0.994415 0.822152 0.011170 0.038097
