0 0.126571 0.627026 0.019028 0.022222
0 0.032618 0.915123 0.019028 0.023809
0 0.098027 0.885757 0.016650 0.025397
0 0.380480 0.819089 0.022597 0.025397
0 0.411995 0.989704 0.019028 0.020592
0 0.359073 0.638138 0.024975 0.025397
0 0.444107 0.432582 0.014271 0.036509
0 0.533302 0.159566 0.021407 0.030159
0 0.951332 0.950042 0.017839 0.030159
0 0.912086 0.842106 0.015460 0.023812
0 0.938844 0.849248 0.016650 0.028572
0 0.897814 0.700042 0.015462 0.025397
0 0.915059 0.587343 0.023784 0.034919
0 0.228253 0.384963 0.020218 0.023809
0 0.334099 0.166709 0.017839 0.028569
