0 0.970896 0.741234 0.019148 0.022381
0 0.797261 0.594487 0.023905 0.036507
0 0.709849 0.682582 0.020335 0.025397
0 0.608761 0.756392 0.015580 0.026984
0 0.509456 0.827820 0.019148 0.026984
0 0.599306 0.546074 0.017839 0.041269
0 0.426267 0.687345 0.026163 0.031747
0 0.281176 0.850835 0.033299 0.031747
0 0.850778 0.469882 0.014390 0.025397
0 0.772940 0.364328 0.017839 0.030157
0 0.823425 0.182582 0.019146 0.025397
0 0.642655 0.073057 0.016769 0.025397
0 0.406050 0.248454 0.019028 0.030159
0 0.587414 0.316709 0.020218 0.036507
0 0.222307 0.314328 0.024973 0.038094
0 0.074836 0.361948 0.020218 0.022222
0 0.077215 0.129407 0.024975 0.036509
0 0.373345 0.434170 0.022595 0.036509
0 0.295448 0.574645 0.019028 0.034922
