0 0.191921 0.890518 0.028661 0.047619
0 0.251444 0.781788 0.026165 0.036509
0 0.260960 0.601627 0.021413 0.034917
0 0.263931 0.465915 0.017839 0.030157
0 0.181872 0.271470 0.020218 0.031747
0 0.015968 0.163535 0.021405 0.028572
0 0.548762 0.335756 0.026165 0.039681
0 0.379291 0.322264 0.020218 0.028572
0 0.626065 0.488138 0.019028 0.026984
0 0.712287 0.615915 0.020218 0.028569
0 0.492866 0.665915 0.021407 0.030157
0 0.537465 0.718296 0.020218 0.033332
0 0.564223 0.924645 0.019028 0.033334
0 0.838945 0.976232 0.023784 0.031747
