0 0.809749 0.812661 0.032229 0.038253
0 0.959002 0.515835 0.021527 0.031903
0 0.781801 0.364328 0.019148 0.042856
0 0.831750 0.251629 0.019148 0.026984
0 0.834723 0.164329 0.013201 0.023809
0 0.752068 0.142899 0.014390 0.028569
0 0.568980 0.092899 0.021407 0.030157
0 0.391777 0.034170 0.019028 0.026984
0 0.582062 0.311946 0.014271 0.042856
0 0.407834 0.457979 0.022597 0.030159
0 0.256202 0.632582 0.019028 0.026984
0 0.200306 0.827820 0.023786 0.023809
0 0.265120 0.930201 0.015460 0.028572
0 0.306151 0.976232 0.016650 0.022222
0 0.490488 0.854804 0.019028 0.023809
0 0.491677 0.613535 0.016650 0.023809
0 0.592766 0.538932 0.016650 0.020634
0 0.694448 0.466709 0.020218 0.025394
0 0.121219 0.565123 0.020218 0.025397
0 0.357229 0.211153 0.016769 0.044444
0 0.065918 0.156392 0.021407 0.023809
0 0.209819 0.100042 0.021407 0.041271
