0 0.068296 0.305598 0.026165 0.030159
0 0.241335 0.327026 0.029731 0.041271
0 0.369777 0.309566 0.024973 0.034922
0 0.477406 0.333376 0.030922 0.041271
0 0.896625 0.128613 0.024973 0.044446
0 0.971549 0.542899 0.032110 0.044444
0 0.907923 0.699249 0.026165 0.042856
0 0.846676 0.851629 0.032110 0.042859
0 0.987010 0.671470 0.015460 0.025397
0 0.742019 0.954010 0.029731 0.034922
0 0.126570 0.965121 0.023784 0.034919
0 0.220523 0.749249 0.028542 0.044444
0 0.168195 0.731788 0.033299 0.034922
0 0.097433 0.734963 0.022597 0.034922
0 0.214577 0.584963 0.028544 0.033334
0 0.211603 0.422265 0.029733 0.038094
0 0.212198 0.070677 0.030922 0.042856
0 0.028455 0.643693 0.024975 0.030157
0 0.026077 0.685757 0.020218 0.028572
0 0.024293 0.725439 0.016650 0.025397
0 0.069485 0.672264 0.028542 0.033334
0 0.007389 0.653217 0.014778 0.030159
0 0.007984 0.683376 0.015968 0.026984
0 0.008579 0.715915 0.017157 0.034919
