0 0.487455 0.342027 0.020335 0.020794
0 0.518377 0.282503 0.017958 0.025556
0 0.599842 0.226153 0.016767 0.027144
0 0.512430 0.174565 0.017958 0.022381
0 0.457129 0.243613 0.014390 0.017621
0 0.388746 0.253137 0.013201 0.020794
0 0.449399 0.141234 0.020335 0.025556
0 0.414909 0.192027 0.015580 0.022381
0 0.353068 0.170597 0.013201 0.020794
0 0.366744 0.048375 0.014390 0.027144
0 0.324525 0.032503 0.015580 0.023969
0 0.282305 0.091234 0.016769 0.020794
0 0.227004 0.120600 0.017958 0.019214
0 0.171108 0.192027 0.017958 0.016031
0 0.134241 0.275359 0.015580 0.017619
0 0.128890 0.340440 0.014390 0.014444
0 0.086670 0.338059 0.017958 0.022381
0 0.074183 0.429328 0.016767 0.020794
0 0.026612 0.419010 0.016769 0.022379
0 0.017693 0.518218 0.015580 0.020794
