0 0.175271 0.912662 0.016769 0.025556
0 0.049207 0.780121 0.031040 0.030319
0 0.069426 0.692820 0.021527 0.027141
0 0.108672 0.713456 0.019148 0.023969
0 0.140188 0.636471 0.020337 0.028731
0 0.167541 0.712662 0.020335 0.031906
0 0.239492 0.659487 0.016769 0.020794
0 0.295388 0.653931 0.016769 0.022381
0 0.300145 0.907899 0.021525 0.031906
0 0.440479 0.894407 0.021527 0.030316
0 0.574867 0.865837 0.021527 0.027144
0 0.882888 0.815835 0.019148 0.028729
0 0.740771 0.724565 0.020337 0.027144
0 0.645034 0.669010 0.016769 0.023966
0 0.661684 0.554724 0.021527 0.027144
0 0.593301 0.567423 0.020337 0.027141
0 0.527890 0.577740 0.020337 0.028731
0 0.480915 0.472978 0.021527 0.025556
0 0.389341 0.543613 0.019148 0.023966
0 0.619464 0.116629 0.017958 0.030316
0 0.830561 0.183296 0.021527 0.030319
0 0.158621 0.264249 0.019148 0.027144
0 0.010957 0.315835 0.021915 0.031903
0 0.551081 0.758693 0.016769 0.025556
0 0.524323 0.760281 0.017956 0.022381
