0 0.860887 0.881709 0.017956 0.023969
0 0.759799 0.889646 0.013201 0.023969
0 0.654548 0.888852 0.012013 0.025556
0 0.603409 0.824566 0.019148 0.039841
0 0.527890 0.822979 0.017958 0.027141
0 0.388746 0.765837 0.017958 0.027144
0 0.304307 0.752343 0.022716 0.022381
0 0.204408 0.757106 0.020335 0.022381
0 0.194894 0.693613 0.020337 0.038253
0 0.129485 0.704724 0.015580 0.019206
0 0.066453 0.707899 0.020337 0.022381
0 0.116402 0.852343 0.020337 0.028731
0 0.822236 0.699962 0.019146 0.028731
0 0.972679 0.634884 0.017956 0.022381
0 0.806180 0.608693 0.013201 0.020794
0 0.863265 0.510281 0.017958 0.027144
0 0.062290 0.426946 0.019148 0.019206
0 0.062290 0.382503 0.019148 0.028731
0 0.045640 0.340440 0.016769 0.023969
0 0.113428 0.372978 0.016769 0.022381
0 0.159811 0.392027 0.019148 0.022381
0 0.175866 0.365837 0.017958 0.020794
0 0.236519 0.388852 0.017958 0.022381
0 0.244843 0.356312 0.015580 0.023969
0 0.304902 0.357899 0.016769 0.023969
0 0.373880 0.353931 0.016767 0.022381
0 0.343553 0.322184 0.015580 0.019206
0 0.461292 0.346787 0.017958 0.023969
0 0.435127 0.310281 0.020337 0.027144
0 0.508862 0.329328 0.015580 0.020794
0 0.524323 0.295201 0.015578 0.025554
0 0.578436 0.325359 0.016769 0.022381
0 0.627790 0.289646 0.015580 0.020794
0 0.687254 0.326946 0.015580 0.019206
0 0.794288 0.330915 0.015580 0.023969
0 0.826398 0.363456 0.013201 0.022381
0 0.872186 0.321390 0.016769 0.023969
0 0.859104 0.219804 0.016769 0.027141
0 0.945920 0.184090 0.016769 0.022381
0 0.800235 0.264249 0.020337 0.023969
0 0.715201 0.273771 0.019148 0.027144
0 0.107483 0.256312 0.016769 0.020794
0 0.121159 0.170598 0.017958 0.023966
0 0.082508 0.196787 0.016769 0.019206
0 0.039098 0.205518 0.017958 0.023969
0 0.017693 0.137265 0.015580 0.027144
0 0.105699 0.040440 0.017958 0.023969
0 0.062884 0.065043 0.020337 0.019206
0 0.754447 0.011132 0.019148 0.022265
0 0.824020 0.836470 0.017956 0.038253
