0 0.568385 0.823057 0.017839 0.030159
0 0.388210 0.839724 0.009515 0.019050
0 0.498219 0.977820 0.022597 0.031747
0 0.864514 0.744486 0.020218 0.028572
0 0.976901 0.813534 0.019028 0.036507
0 0.756885 0.663535 0.016650 0.022222
0 0.653419 0.644486 0.014273 0.025397
0 0.542221 0.629407 0.017839 0.026984
0 0.558277 0.454010 0.016650 0.028572
0 0.668285 0.472264 0.017839 0.023809
0 0.573143 0.911154 0.017839 0.031747
0 0.177709 0.754010 0.021407 0.044446
0 0.112893 0.800042 0.017839 0.022222
0 0.047484 0.796867 0.015460 0.022222
0 0.143221 0.948454 0.016650 0.020634
0 0.186628 0.573057 0.017839 0.022222
