0 0.766935 0.890439 0.020335 0.028729
0 0.746123 0.226153 0.016769 0.027144
0 0.119970 0.744407 0.017958 0.025554
0 0.717580 0.475359 0.016769 0.027144
0 0.546919 0.545993 0.013201 0.022381
0 0.215112 0.379328 0.020337 0.022381
0 0.294199 0.302343 0.014390 0.020794
0 0.433343 0.158693 0.012011 0.022381
0 0.377447 0.173771 0.019148 0.020794
0 0.298362 0.246787 0.015580 0.017619
0 0.164568 0.289646 0.016769 0.017619
0 0.108078 0.309487 0.015580 0.019206
0 0.060506 0.229328 0.020337 0.020794
0 0.167541 0.118218 0.017956 0.020794
0 0.145540 0.128534 0.014390 0.019206
0 0.535621 0.167423 0.016769 0.027141
0 0.498754 0.095995 0.016769 0.030316
0 0.608167 0.094407 0.016769 0.020791
0 0.564163 0.082503 0.016769 0.022381
