0 0.337607 0.803931 0.025093 0.027144
0 0.448209 0.584090 0.020335 0.031906
0 0.577246 0.343613 0.019148 0.030316
0 0.631953 0.070598 0.021527 0.039841
0 0.727689 0.040440 0.013201 0.023969
0 0.944136 0.632503 0.015580 0.020794
0 0.856131 0.752343 0.013201 0.019206
0 0.163379 0.782503 0.021527 0.031906
0 0.187759 0.588852 0.020335 0.028731
0 0.237708 0.522185 0.025095 0.038253
0 0.325714 0.319803 0.029852 0.020794
0 0.046235 0.438852 0.017958 0.023969
0 0.053371 0.515835 0.017958 0.028729
0 0.306686 0.134090 0.025095 0.020794
