0 0.648008 0.926948 0.025095 0.035078
0 0.341175 0.902343 0.027472 0.030319
0 0.484482 0.861074 0.023903 0.033493
0 0.624816 0.815835 0.021527 0.031903
0 0.799640 0.766629 0.023905 0.035078
0 0.923919 0.719010 0.025095 0.035078
0 0.804397 0.942820 0.026282 0.038253
0 0.138998 0.358692 0.025095 0.044603
0 0.268034 0.311073 0.026284 0.041428
0 0.395287 0.265835 0.026282 0.046191
0 0.530864 0.215835 0.023905 0.044603
0 0.758610 0.272979 0.020337 0.041428
0 0.929866 0.269010 0.020337 0.043016
0 0.643250 0.180123 0.017958 0.043016
