0 0.716390 0.965042 0.019148 0.035078
0 0.534432 0.803931 0.019148 0.030319
0 0.348905 0.674565 0.014390 0.025556
0 0.400638 0.805518 0.015580 0.027144
0 0.226409 0.668218 0.016769 0.022381
0 0.016504 0.224565 0.017958 0.023969
0 0.092616 0.299170 0.027472 0.030316
0 0.094995 0.482503 0.025093 0.025556
0 0.070616 0.043613 0.019148 0.030316
0 0.560001 0.572185 0.022714 0.027141
0 0.991708 0.688852 0.015580 0.025556
0 0.981004 0.557899 0.017958 0.027144
0 0.966138 0.424565 0.016769 0.020794
0 0.809154 0.276153 0.023903 0.031906
0 0.944731 0.337265 0.012011 0.023969
0 0.931650 0.154724 0.014390 0.020794
0 0.905485 0.031709 0.016769 0.022381
0 0.866833 0.060281 0.017958 0.019206
0 0.705687 0.426153 0.033419 0.020794
0 0.447020 0.345995 0.020335 0.028729
0 0.375069 0.096788 0.026282 0.031903
