0 0.596275 0.856312 0.016769 0.027144
0 0.790125 0.768217 0.019148 0.025554
0 0.932839 0.733296 0.016769 0.025556
0 0.894187 0.492026 0.020337 0.028729
0 0.948894 0.230915 0.017958 0.020794
0 0.275764 0.941232 0.025093 0.038253
0 0.441074 0.794407 0.020337 0.033491
0 0.606977 0.623773 0.026284 0.038253
0 0.757420 0.426153 0.025095 0.030319
0 0.875158 0.211868 0.029850 0.027144
0 0.600436 0.384090 0.015580 0.022381
0 0.471400 0.466630 0.021527 0.022381
0 0.536216 0.581709 0.015580 0.027144
0 0.270413 0.620598 0.019148 0.025554
0 0.232356 0.525359 0.016769 0.028731
0 0.342958 0.323771 0.016769 0.022381
0 0.058128 0.337265 0.027472 0.030319
0 0.187164 0.107899 0.026282 0.035081
