0 0.159811 0.829328 0.016769 0.020794
0 0.346527 0.935677 0.016769 0.023969
0 0.218085 0.911868 0.016769 0.017619
0 0.107483 0.838059 0.019148 0.025556
0 0.614114 0.732503 0.021527 0.030319
0 0.584381 0.819804 0.019148 0.020791
0 0.548108 0.749962 0.017958 0.023969
0 0.521350 0.625359 0.016769 0.022381
0 0.785963 0.893613 0.032229 0.025554
0 0.661685 0.670598 0.031040 0.027141
0 0.538594 0.439645 0.029850 0.031903
0 0.413721 0.251551 0.022714 0.039841
0 0.257925 0.149963 0.022714 0.046191
0 0.103320 0.168217 0.025095 0.044603
0 0.989924 0.749168 0.016769 0.028731
0 0.395286 0.572978 0.019148 0.025556
0 0.259116 0.609487 0.017958 0.022381
0 0.024233 0.787265 0.021527 0.025556
0 0.161595 0.923771 0.020337 0.025556
