0 0.578436 0.332503 0.016769 0.020794
0 0.643250 0.288851 0.013201 0.038253
0 0.686064 0.348375 0.010822 0.020794
0 0.746123 0.502343 0.014390 0.027144
0 0.845426 0.397581 0.013201 0.023969
0 0.939379 0.395993 0.017958 0.020794
0 0.850778 0.321392 0.019148 0.036666
0 0.763962 0.342820 0.014390 0.025554
0 0.802614 0.187265 0.013201 0.019206
0 0.176460 0.233296 0.014390 0.022381
0 0.246032 0.184884 0.015580 0.020794
0 0.105104 0.594407 0.016769 0.020791
0 0.159811 0.487265 0.016769 0.025556
0 0.238303 0.432503 0.021527 0.027144
0 0.325119 0.403137 0.016769 0.025556
0 0.407775 0.317423 0.017958 0.044603
0 0.499943 0.365043 0.014390 0.022381
0 0.319767 0.139646 0.013201 0.022381
0 0.384583 0.116630 0.014390 0.023969
0 0.463670 0.069010 0.013201 0.023966
0 0.505888 0.084090 0.014390 0.022381
0 0.551081 0.023771 0.012011 0.025556
0 0.580812 0.040440 0.014390 0.023969
0 0.672388 0.022978 0.012011 0.020794
0 0.677144 0.067423 0.014390 0.023966
0 0.729473 0.022184 0.014390 0.022381
0 0.783585 0.042821 0.010822 0.022381
0 0.788341 0.026946 0.015580 0.022381
0 0.854941 0.026946 0.013201 0.019206
0 0.855536 0.050756 0.014390 0.022381
0 0.917972 0.034884 0.015580 0.019206
0 0.941758 0.015043 0.015580 0.023969
0 0.973275 0.043613 0.014390 0.023966
0 0.585570 0.194407 0.014390 0.023966
