0 0.021260 0.913534 0.022714 0.036507
0 0.541567 0.610281 0.023903 0.030319
0 0.682496 0.480915 0.027473 0.028731
0 0.821046 0.273771 0.031040 0.027144
0 0.139593 0.489646 0.012011 0.017619
0 0.146134 0.555518 0.013201 0.016031
0 0.826993 0.809487 0.023903 0.025556
0 0.962570 0.811074 0.021527 0.022381
0 0.907269 0.714249 0.017958 0.022381
0 0.847805 0.611868 0.022716 0.023969
0 0.740771 0.602343 0.022716 0.030319
0 0.650980 0.692026 0.023903 0.028729
0 0.441669 0.903931 0.021527 0.027144
0 0.331661 0.969804 0.022716 0.028729
0 0.188353 0.888931 0.023903 0.044444
0 0.335823 0.781709 0.019146 0.030319
