0 0.383454 0.936551 0.021407 0.028572
0 0.734884 0.879407 0.022597 0.025397
0 0.812781 0.854010 0.016650 0.028572
0 0.724181 0.821470 0.022597 0.030159
0 0.654012 0.853217 0.017839 0.020634
0 0.674825 0.900042 0.016650 0.025397
0 0.655202 0.894486 0.020218 0.023809
0 0.639147 0.890519 0.019028 0.025397
0 0.632607 0.858773 0.017839 0.025397
0 0.547573 0.900042 0.016650 0.022222
0 0.566007 0.927820 0.017839 0.026984
0 0.881164 0.858773 0.017839 0.025397
0 0.986416 0.404804 0.026165 0.038097
0 0.874029 0.438138 0.022597 0.028572
0 0.849649 0.536551 0.023786 0.031747
0 0.185439 0.238931 0.020216 0.033332
0 0.810997 0.176232 0.024975 0.034922
0 0.957872 0.062740 0.021407 0.036507
0 0.835378 0.035757 0.021407 0.030159
0 0.700395 0.017503 0.020218 0.034919
0 0.077216 0.095279 0.029731 0.031747
