0 0.483294 0.409487 0.019148 0.022381
0 0.758015 0.901550 0.016769 0.028731
0 0.747906 0.880915 0.017956 0.028731
0 0.492213 0.730915 0.029850 0.030319
0 0.609355 0.565043 0.033419 0.028731
0 0.337607 0.953138 0.029850 0.039841
0 0.089048 0.808693 0.029850 0.027144
0 0.041477 0.744407 0.020337 0.035078
0 0.541567 0.402343 0.023903 0.033493
0 0.522539 0.258692 0.021525 0.044603
0 0.504105 0.122979 0.025093 0.036666
0 0.251979 0.373771 0.017958 0.027144
0 0.234735 0.241232 0.019148 0.028729
0 0.140782 0.031709 0.016769 0.041431
0 0.093211 0.035676 0.023903 0.039841
0 0.414910 0.415837 0.022714 0.025556
