0 0.524382 0.965121 0.015460 0.022224
0 0.644439 0.878534 0.017958 0.027144
0 0.594491 0.785677 0.020337 0.025556
0 0.661089 0.772978 0.017958 0.019206
0 0.528485 0.795993 0.021527 0.017619
0 0.389936 0.762662 0.017958 0.027144
0 0.298362 0.869804 0.015580 0.022379
0 0.246032 0.875359 0.017958 0.017619
0 0.146729 0.849168 0.019148 0.025556
0 0.175866 0.922185 0.020337 0.025554
0 0.119375 0.919010 0.016769 0.025554
0 0.082508 0.899962 0.019148 0.019206
0 0.156837 0.483296 0.017958 0.023969
0 0.425019 0.393613 0.021527 0.028729
0 0.479725 0.695201 0.021527 0.028729
0 0.737203 0.931709 0.020337 0.028731
0 0.551081 0.965043 0.014390 0.025556
0 0.991959 0.869804 0.016081 0.028729
0 0.990175 0.971392 0.019650 0.035078
0 0.834723 0.394407 0.025095 0.030316
0 0.620060 0.333296 0.026282 0.031906
0 0.171703 0.031709 0.021527 0.031906
