0 0.783645 0.681788 0.017839 0.020634
0 0.734289 0.693693 0.014271 0.019050
0 0.659959 0.596867 0.015460 0.022222
0 0.817539 0.161948 0.016650 0.022222
0 0.320363 0.948375 0.021525 0.027144
0 0.461946 0.983376 0.019028 0.030159
0 0.195548 0.909566 0.023786 0.034922
0 0.505949 0.845281 0.023784 0.033332
0 0.462541 0.570677 0.020218 0.033332
0 0.329937 0.590518 0.026165 0.034919
0 0.224091 0.565915 0.028542 0.030157
0 0.497624 0.473057 0.026165 0.034922
0 0.825268 0.584963 0.013081 0.023809
0 0.831215 0.622264 0.010703 0.022222
0 0.896625 0.373057 0.017841 0.022222
0 0.978685 0.165121 0.020218 0.028569
0 0.801484 0.130995 0.015460 0.020634
0 0.809213 0.218295 0.016650 0.023809
0 0.784833 0.224645 0.017841 0.023809
0 0.738452 0.222264 0.015460 0.019047
0 0.708720 0.234963 0.013083 0.022222
0 0.710504 0.186551 0.011894 0.020634
0 0.735478 0.184963 0.014271 0.023809
0 0.692070 0.134963 0.015462 0.019047
0 0.649257 0.206392 0.015460 0.025397
0 0.630228 0.143692 0.017839 0.026984
0 0.579088 0.257185 0.017839 0.022222
0 0.546978 0.153217 0.017839 0.030159
0 0.480380 0.135757 0.020218 0.026984
