0 0.762178 0.987323 0.020337 0.025354
0 0.683091 0.942899 0.026284 0.031744
0 0.860887 0.699248 0.022714 0.023809
0 0.790126 0.617503 0.023903 0.028569
0 0.391719 0.621470 0.019146 0.023809
0 0.388746 0.479407 0.020337 0.028572
0 0.280522 0.751629 0.015578 0.023809
0 0.121159 0.736551 0.015580 0.022222
0 0.048019 0.580201 0.019148 0.020634
0 0.156837 0.413535 0.022716 0.026984
0 0.113429 0.361948 0.021525 0.022222
0 0.094401 0.153217 0.019146 0.026984
0 0.048019 0.011132 0.023905 0.022265
0 0.398854 0.295279 0.019148 0.031747
0 0.897755 0.506392 0.020335 0.022222
0 0.879916 0.392899 0.029850 0.046031
0 0.879916 0.230995 0.020335 0.026984
0 0.741960 0.111948 0.020337 0.026984
0 0.661089 0.306392 0.025095 0.031747
0 0.448209 0.178615 0.025093 0.049206
0 0.495780 0.087345 0.020337 0.022222
0 0.665847 0.134963 0.017958 0.022222
