0 0.305556 0.027820 0.022597 0.033334
0 0.359668 0.015916 0.019028 0.025397
0 0.023103 0.972264 0.019028 0.026984
0 0.186034 0.781788 0.026163 0.036509
0 0.277013 0.680201 0.024973 0.033334
0 0.472649 0.572265 0.026165 0.039681
0 0.612389 0.674645 0.024975 0.034922
0 0.517247 0.858773 0.020218 0.028572
0 0.969765 0.882582 0.023784 0.038097
0 0.623687 0.276232 0.023786 0.041271
0 0.945980 0.186551 0.019028 0.033334
0 0.920410 0.058773 0.020218 0.031747
0 0.849054 0.207979 0.020218 0.034922
0 0.335288 0.107979 0.022595 0.031747
0 0.377507 0.064328 0.019028 0.033332
0 0.441134 0.154010 0.022597 0.028572
0 0.294259 0.059566 0.016650 0.023809
