0 0.773535 0.146867 0.014271 0.023809
0 0.804991 0.657106 0.017956 0.028731
0 0.025482 0.061948 0.019028 0.031747
0 0.059376 0.230995 0.020218 0.026984
0 0.142626 0.276232 0.020218 0.025397
0 0.323990 0.203217 0.023786 0.028572
0 0.516058 0.408773 0.017839 0.026984
0 0.427456 0.166709 0.021405 0.034919
0 0.503570 0.247661 0.021405 0.025397
0 0.426268 0.063534 0.016650 0.031744
0 0.499408 0.132582 0.015460 0.030159
0 0.490488 0.013514 0.019028 0.027027
0 0.518437 0.048454 0.020218 0.026984
0 0.586224 0.131788 0.022597 0.028572
0 0.673041 0.128613 0.020218 0.025397
0 0.625471 0.069882 0.020218 0.022222
0 0.730126 0.092898 0.017839 0.026984
0 0.790185 0.104010 0.019028 0.030159
0 0.837162 0.099248 0.020218 0.026984
0 0.856785 0.153217 0.016650 0.026984
0 0.934682 0.155598 0.015462 0.025397
0 0.915653 0.114329 0.017841 0.025397
0 0.971549 0.125439 0.015462 0.022222
