0 0.357230 0.767424 0.019146 0.023969
0 0.294199 0.711074 0.012011 0.016031
0 0.288252 0.712662 0.014390 0.016031
0 0.242465 0.828534 0.013203 0.016031
0 0.466644 0.496787 0.016769 0.022381
0 0.589733 0.265835 0.025095 0.036666
0 0.722932 0.061868 0.017958 0.031906
0 0.784775 0.115837 0.017958 0.025556
0 0.857320 0.215043 0.020337 0.027144
0 0.741960 0.303931 0.020337 0.023969
0 0.979814 0.345995 0.020337 0.028729
0 0.071210 0.603931 0.020337 0.027144
0 0.038504 0.615043 0.016769 0.023969
0 0.109267 0.476153 0.017958 0.022381
0 0.085481 0.323771 0.015580 0.019206
0 0.017098 0.524565 0.021525 0.027144
0 0.425614 0.228534 0.015580 0.025556
