0 0.693795 0.921392 0.026282 0.036666
0 0.529080 0.866629 0.027472 0.028729
0 0.965544 0.740439 0.017958 0.046191
0 0.969112 0.619804 0.017958 0.033491
0 0.755042 0.694407 0.020337 0.046191
0 0.510051 0.705518 0.015580 0.052538
0 0.139593 0.708693 0.023905 0.039843
0 0.121159 0.620598 0.017958 0.028729
0 0.179434 0.519804 0.020337 0.030316
0 0.584976 0.606312 0.025093 0.035081
0 0.940568 0.447582 0.020337 0.028729
0 0.908458 0.318217 0.020337 0.030316
0 0.963759 0.163454 0.019148 0.031903
0 0.628979 0.253931 0.022716 0.031906
0 0.661089 0.123773 0.020337 0.031903
0 0.558218 0.090440 0.016769 0.025556
0 0.462481 0.061868 0.025095 0.028731
0 0.539188 0.453137 0.026282 0.030319
0 0.442263 0.392026 0.025095 0.028729
0 0.204409 0.326946 0.015580 0.019206
0 0.143161 0.378534 0.021527 0.027144
0 0.115212 0.348375 0.020337 0.027144
0 0.135430 0.282503 0.022716 0.025556
0 0.062884 0.303931 0.015580 0.017619
0 0.026612 0.362662 0.019148 0.023969
0 0.122943 0.180915 0.019148 0.025556
0 0.101536 0.044407 0.016769 0.025554
0 0.193110 0.226153 0.021527 0.030319
0 0.186569 0.890439 0.020335 0.031903
