0 0.901322 0.927740 0.017958 0.027144
0 0.918567 0.738059 0.019146 0.025556
0 0.872780 0.793613 0.015580 0.025554
0 0.847210 0.681709 0.019148 0.027144
0 0.912027 0.638059 0.020337 0.028731
0 0.992553 0.586471 0.014894 0.027144
0 0.811532 0.419804 0.021527 0.027141
0 0.738392 0.765837 0.020337 0.020794
0 0.766936 0.702343 0.015580 0.020794
0 0.677739 0.720597 0.015580 0.019206
0 0.632547 0.765837 0.020337 0.017619
0 0.576057 0.724565 0.016769 0.020794
0 0.563568 0.767424 0.015580 0.023969
0 0.514214 0.784884 0.019148 0.023969
0 0.483888 0.737265 0.017958 0.027144
0 0.424424 0.789646 0.015580 0.023969
0 0.399449 0.753137 0.015580 0.017619
0 0.359608 0.795995 0.016769 0.027141
0 0.290631 0.821390 0.016769 0.020794
0 0.216896 0.822184 0.016769 0.019206
0 0.164568 0.795993 0.014390 0.017619
0 0.118780 0.849962 0.015580 0.020794
0 0.113428 0.802343 0.016769 0.023969
0 0.095589 0.757899 0.016769 0.023969
0 0.039693 0.818218 0.014390 0.020794
0 0.017693 0.794407 0.015580 0.020791
0 0.050992 0.967424 0.015580 0.020794
0 0.154458 0.676153 0.015580 0.022381
0 0.162784 0.590440 0.017958 0.025556
0 0.121754 0.612662 0.014390 0.019206
0 0.075966 0.618217 0.017958 0.023966
0 0.113428 0.538852 0.014390 0.023969
0 0.046830 0.544407 0.016769 0.022379
0 0.138998 0.441234 0.013201 0.019206
0 0.090833 0.462662 0.016769 0.020794
0 0.842454 0.763456 0.014392 0.025556
0 0.310254 0.195993 0.013201 0.020794
