0 0.903107 0.885676 0.031040 0.041428
0 0.815100 0.711074 0.023905 0.031906
0 0.938190 0.592820 0.029850 0.027141
0 0.715795 0.467423 0.022716 0.027141
0 0.758015 0.402343 0.021527 0.023969
0 0.716985 0.385677 0.020337 0.028731
0 0.822237 0.397581 0.016769 0.023969
0 0.791314 0.323771 0.019148 0.025556
0 0.601626 0.214248 0.020335 0.031903
0 0.359608 0.321390 0.021527 0.023969
0 0.282305 0.285677 0.016769 0.019206
0 0.185380 0.334884 0.022714 0.025556
0 0.903107 0.885676 0.031040 0.041428
0 0.815100 0.711074 0.023905 0.031906
0 0.938190 0.592820 0.029850 0.027141
0 0.715795 0.467423 0.022716 0.027141
0 0.758015 0.402343 0.021527 0.023969
0 0.716985 0.385677 0.020337 0.028731
0 0.822237 0.397581 0.016769 0.023969
0 0.791314 0.323771 0.019148 0.025556
0 0.601626 0.214248 0.020335 0.031903
0 0.359608 0.321390 0.021527 0.023969
0 0.282305 0.285677 0.016769 0.019206
0 0.185380 0.334884 0.022714 0.025556
0 0.624222 0.126946 0.013201 0.019206
