0 0.605193 0.899962 0.025095 0.028731
0 0.451777 0.669804 0.022714 0.038253
0 0.302583 0.522185 0.030920 0.038253
0 0.368528 0.984170 0.017958 0.028572
0 0.160405 0.957106 0.017958 0.025556
0 0.094995 0.922185 0.022714 0.031903
0 0.264466 0.707899 0.014390 0.022381
0 0.096184 0.613456 0.020337 0.027144
0 0.870402 0.972185 0.017958 0.027141
0 0.920945 0.959487 0.019148 0.023969
0 0.990770 0.893613 0.018460 0.031903
0 0.804397 0.601550 0.019146 0.031906
0 0.633737 0.649962 0.020337 0.023969
0 0.596275 0.211868 0.019148 0.023969
0 0.785369 0.134090 0.016769 0.030319
0 0.927487 0.119804 0.022716 0.027141
0 0.441074 0.115042 0.020337 0.036666
0 0.271602 0.263454 0.023905 0.031903
0 0.219275 0.122978 0.019148 0.023969
0 0.120564 0.188059 0.016769 0.023969
0 0.069426 0.294407 0.023905 0.027141
0 0.093806 0.381709 0.020335 0.046188
