0 0.031429 0.973057 0.021407 0.019047
0 0.133111 0.971470 0.013081 0.022222
0 0.130733 0.930201 0.013083 0.022222
0 0.128354 0.893693 0.015462 0.019050
0 0.144410 0.898454 0.016650 0.019047
0 0.147977 0.932582 0.014273 0.020634
0 0.154518 0.964329 0.015460 0.020634
0 0.196738 0.969090 0.011892 0.020637
0 0.221118 0.965915 0.017839 0.020637
0 0.318638 0.962741 0.013083 0.023809
0 0.378696 0.934963 0.014271 0.025397
0 0.982253 0.512740 0.027354 0.034919
0 0.959062 0.336551 0.021407 0.028572
0 0.438755 0.725439 0.013081 0.022222
0 0.456594 0.609566 0.015460 0.025397
0 0.329937 0.634170 0.014271 0.023809
0 0.244309 0.676232 0.011894 0.019047
0 0.401887 0.439726 0.013081 0.025397
0 0.175925 0.288138 0.020218 0.023809
0 0.186628 0.388138 0.015460 0.026984
0 0.265715 0.341313 0.019028 0.025397
0 0.375128 0.312741 0.021407 0.022222
0 0.522598 0.164328 0.016652 0.055556
0 0.345991 0.042899 0.015460 0.019050
0 0.365615 0.130201 0.016650 0.028572
0 0.024887 0.138138 0.015460 0.022222
0 0.023103 0.046073 0.016650 0.025397
