0 0.630763 0.878534 0.019148 0.027144
0 0.545729 0.885677 0.017958 0.028731
0 0.228788 0.912662 0.019148 0.028731
0 0.200246 0.782503 0.019148 0.031906
0 0.174081 0.653137 0.019148 0.030319
0 0.089643 0.505518 0.028661 0.023969
0 0.186569 0.334884 0.027472 0.022381
0 0.742555 0.838852 0.026284 0.027144
0 0.794288 0.557106 0.025095 0.031906
0 0.910837 0.315043 0.022716 0.023969
0 0.986951 0.107899 0.022716 0.025556
0 0.670604 0.253931 0.017958 0.022381
0 0.623032 0.195995 0.017958 0.027141
0 0.036721 0.033296 0.015578 0.019206
0 0.067700 0.020675 0.022593 0.028569
