0 0.495840 0.887345 0.022597 0.025397
0 0.956088 0.741313 0.020218 0.025397
0 0.970361 0.788932 0.017839 0.028572
0 0.859163 0.796073 0.021405 0.026984
0 0.825268 0.592106 0.022597 0.028569
0 0.717639 0.547661 0.016650 0.025397
0 0.698611 0.437345 0.016650 0.026984
0 0.708126 0.340519 0.019028 0.026984
0 0.875219 0.377820 0.020218 0.028572
0 0.948954 0.273057 0.020218 0.025397
0 0.714666 0.154804 0.017839 0.023809
0 0.825268 0.125439 0.020218 0.028572
0 0.401887 0.809566 0.020218 0.034922
0 0.373938 0.677026 0.021407 0.026984
0 0.485731 0.644486 0.021405 0.028572
0 0.303772 0.854010 0.021407 0.031747
0 0.072458 0.566709 0.024973 0.022224
0 0.165222 0.411946 0.022595 0.036507
0 0.249065 0.176232 0.019028 0.022222
0 0.411401 0.226232 0.017839 0.026984
