0 0.525572 0.839724 0.032110 0.034919
0 0.151545 0.696867 0.021407 0.028572
0 0.065918 0.642106 0.026165 0.036507
0 0.015373 0.461946 0.024973 0.034919
0 0.200900 0.365121 0.024973 0.034919
0 0.111110 0.281788 0.023784 0.033334
0 0.093271 0.126232 0.028542 0.033334
0 0.158086 0.038931 0.022597 0.058731
0 0.366803 0.148454 0.030920 0.033334
0 0.337072 0.639724 0.033299 0.041269
0 0.437565 0.606392 0.027354 0.034922
0 0.438160 0.496074 0.023786 0.036507
0 0.503570 0.456392 0.021405 0.036509
0 0.510705 0.567503 0.023786 0.036507
0 0.513084 0.680995 0.019028 0.031747
0 0.596928 0.563535 0.022595 0.031747
0 0.686124 0.562741 0.022597 0.030159
0 0.784239 0.574645 0.023784 0.028572
0 0.867488 0.572264 0.019028 0.030159
0 0.945385 0.569882 0.020218 0.028572
0 0.987010 0.539724 0.017839 0.031744
0 0.929925 0.535757 0.020218 0.023809
0 0.852622 0.528613 0.022597 0.031747
0 0.805051 0.539724 0.027352 0.031744
0 0.744398 0.530201 0.024973 0.034922
0 0.641526 0.513534 0.028544 0.036507
0 0.532113 0.496867 0.023786 0.034922
0 0.478001 0.300835 0.024975 0.030159
0 0.551141 0.210359 0.019028 0.039681
0 0.545194 0.115121 0.023786 0.036507
0 0.955494 0.138932 0.023784 0.026984
0 0.837757 0.059566 0.021407 0.030159
0 0.776509 0.036551 0.020218 0.034922
