0 0.312692 0.613535 0.015460 0.023809
0 0.511895 0.606392 0.019028 0.028572
0 0.927546 0.844486 0.020218 0.025397
0 0.773535 0.780995 0.021407 0.031747
0 0.778293 0.554804 0.021407 0.036509
0 0.587414 0.487343 0.015460 0.041269
0 0.229442 0.459566 0.024975 0.033334
0 0.023103 0.865123 0.016650 0.022222
0 0.006200 0.756392 0.012400 0.023809
0 0.938190 0.424565 0.029850 0.030319
0 0.400638 0.316629 0.015580 0.027141
0 0.156302 0.240519 0.021407 0.026984
0 0.282959 0.102423 0.017839 0.030159
0 0.293069 0.019882 0.016650 0.023809
0 0.576116 0.033375 0.030920 0.050794
0 0.592706 0.722979 0.021527 0.027141
