0 0.669415 0.825360 0.017958 0.038253
0 0.782991 0.807899 0.019148 0.041431
0 0.572489 0.716629 0.016769 0.046191
0 0.393503 0.693613 0.020335 0.041428
0 0.234140 0.555518 0.027473 0.038256
0 0.129484 0.353931 0.034608 0.035081
0 0.046235 0.122184 0.034606 0.025556
0 0.074777 0.061868 0.015580 0.016031
0 0.109267 0.073771 0.017958 0.023969
0 0.169325 0.060281 0.021525 0.022381
0 0.294199 0.249168 0.016769 0.025556
0 0.436911 0.229328 0.019148 0.027144
0 0.573678 0.212662 0.016769 0.025556
0 0.578436 0.026946 0.012011 0.022381
0 0.638493 0.026946 0.020335 0.028731
0 0.986356 0.076153 0.019148 0.028731
0 0.879321 0.190439 0.021525 0.038253
