0 0.472649 0.684963 0.021407 0.030159
0 0.296636 0.062740 0.026163 0.033332
0 0.099217 0.872264 0.023786 0.026984
0 0.293069 0.919089 0.023786 0.028572
0 0.491677 0.842106 0.019028 0.036507
0 0.654608 0.807185 0.021405 0.033334
0 0.888300 0.784170 0.022597 0.034922
0 0.957277 0.594486 0.017839 0.023809
0 0.939438 0.543692 0.017839 0.023809
0 0.976306 0.496073 0.015460 0.030159
0 0.878786 0.455598 0.020216 0.028572
0 0.842512 0.596073 0.016650 0.026984
0 0.806240 0.387345 0.015460 0.025397
0 0.698611 0.339726 0.019028 0.025397
0 0.678393 0.228613 0.014271 0.028572
0 0.855001 0.179407 0.017839 0.025397
0 0.922194 0.084170 0.019028 0.028572
0 0.463730 0.427820 0.022597 0.030159
0 0.378101 0.603217 0.015460 0.028572
0 0.354315 0.458773 0.017839 0.031747
0 0.333504 0.325439 0.021405 0.028572
0 0.281175 0.642899 0.021407 0.034919
0 0.149166 0.192899 0.019028 0.030157
0 0.053370 0.347582 0.027472 0.041428
