0 0.519031 0.893693 0.019028 0.034919
0 0.344802 0.851629 0.024975 0.026984
0 0.081378 0.846073 0.023786 0.031747
0 0.027861 0.673852 0.026165 0.039681
0 0.205657 0.591312 0.024973 0.030157
0 0.118245 0.507185 0.021407 0.026984
0 0.446485 0.718296 0.021405 0.033332
0 0.445296 0.819882 0.021407 0.030159
0 0.516652 0.784170 0.016650 0.031747
0 0.602279 0.782582 0.016650 0.028572
0 0.689098 0.777026 0.019028 0.030159
0 0.784240 0.784963 0.019028 0.020634
0 0.866298 0.780995 0.021407 0.028572
0 0.941817 0.773851 0.017839 0.023809
0 0.984037 0.747661 0.019028 0.025397
0 0.929330 0.745279 0.016650 0.023809
0 0.853217 0.743692 0.016650 0.023809
0 0.806834 0.757185 0.019028 0.025397
0 0.748560 0.754010 0.021407 0.025397
0 0.645688 0.737345 0.020218 0.026984
0 0.539248 0.723057 0.014273 0.023809
0 0.510111 0.682582 0.013081 0.025397
0 0.485136 0.530201 0.015462 0.025397
0 0.560061 0.442106 0.017841 0.023812
0 0.554709 0.346867 0.016650 0.023809
0 0.373938 0.377820 0.019028 0.025397
0 0.092675 0.344486 0.017839 0.025397
0 0.159870 0.266709 0.021407 0.047619
0 0.973332 0.361154 0.019028 0.033334
0 0.854406 0.280995 0.016650 0.019047
0 0.793753 0.268296 0.011892 0.038094
0 0.739641 0.188138 0.015460 0.026984
0 0.635580 0.167503 0.014273 0.026982
0 0.527355 0.151629 0.014271 0.023809
0 0.748560 0.027026 0.019028 0.034922
0 0.648008 0.011926 0.017958 0.023852
0 0.044510 0.026232 0.021407 0.026984
