0 0.263932 0.965121 0.036867 0.063493
0 0.081973 0.861946 0.029733 0.050794
0 0.479784 0.884170 0.030920 0.082540
0 0.441728 0.695281 0.021407 0.060319
0 0.253228 0.688138 0.015460 0.017460
0 0.535681 0.533376 0.021407 0.028572
0 0.570764 0.481788 0.013081 0.020634
0 0.590982 0.496073 0.013081 0.020634
0 0.611795 0.509566 0.014271 0.015872
0 0.782455 0.630995 0.022597 0.036509
0 0.705152 0.921471 0.027354 0.042856
0 0.815160 0.463534 0.023786 0.044444
0 0.758669 0.393693 0.034489 0.041269
0 0.727153 0.080201 0.026163 0.036509
0 0.826457 0.048456 0.024975 0.039681
0 0.947170 0.134963 0.026165 0.025397
0 0.874563 0.857899 0.028661 0.039843
0 0.979874 0.504804 0.027354 0.034922
