0 0.595740 0.247661 0.017839 0.031747
0 0.779482 0.877820 0.021407 0.022222
0 0.797321 0.834170 0.016650 0.026984
0 0.821106 0.825439 0.016652 0.028572
0 0.831215 0.765916 0.015460 0.023809
0 0.815755 0.739726 0.015460 0.022222
0 0.748561 0.800835 0.014273 0.020634
0 0.745587 0.767503 0.013083 0.023812
0 0.727154 0.762741 0.016650 0.020634
0 0.726560 0.802423 0.017839 0.020634
0 0.662338 0.841312 0.017839 0.022224
0 0.595145 0.873851 0.021407 0.026984
0 0.497029 0.774645 0.027354 0.034922
0 0.508921 0.937345 0.027354 0.033334
0 0.496435 0.434963 0.023786 0.031747
0 0.965603 0.483376 0.024975 0.036509
0 0.888895 0.204010 0.021407 0.033334
0 0.978685 0.193693 0.020218 0.031744
0 0.458973 0.147661 0.022597 0.031747
0 0.441728 0.020676 0.019028 0.031747
0 0.261553 0.252423 0.022595 0.028572
0 0.167006 0.363535 0.026163 0.028572
0 0.009173 0.027820 0.018347 0.023809
