0 0.252039 0.840518 0.020218 0.036507
0 0.354910 0.617501 0.019028 0.025397
0 0.485731 0.380995 0.023784 0.025397
0 0.605848 0.140518 0.026165 0.030157
0 0.815160 0.087345 0.016650 0.031747
0 0.554709 0.588138 0.021407 0.026984
0 0.468487 0.887343 0.013083 0.047619
0 0.078404 0.418295 0.017839 0.026984
0 0.162249 0.346867 0.019028 0.020634
0 0.280580 0.242898 0.017839 0.025397
0 0.247281 0.160360 0.022597 0.025397
0 0.209224 0.088932 0.015460 0.022222
0 0.099812 0.186551 0.020218 0.023809
0 0.335288 0.204804 0.020216 0.025397
0 0.250255 0.562741 0.026165 0.030159
0 0.914465 0.977820 0.020218 0.022222
0 0.977495 0.788138 0.017839 0.030159
