0 0.473778 0.929328 0.019148 0.027144
0 0.313227 0.812662 0.019148 0.031906
0 0.158025 0.806314 0.036981 0.031911
0 0.767529 0.334884 0.016767 0.025556
0 0.728284 0.276946 0.016769 0.020794
0 0.821642 0.178534 0.015580 0.023969
0 0.917378 0.180121 0.019146 0.023969
0 0.742555 0.123771 0.016769 0.019206
0 0.667631 0.128534 0.016769 0.019206
0 0.558812 0.112662 0.015580 0.019206
0 0.482104 0.146787 0.019148 0.023969
0 0.310254 0.184090 0.015580 0.019206
0 0.224031 0.219804 0.016767 0.023966
0 0.147919 0.277740 0.016769 0.019206
0 0.827587 0.101551 0.015580 0.044603
0 0.619464 0.068217 0.013201 0.044603
0 0.390529 0.098376 0.021525 0.044603
0 0.166352 0.035677 0.015580 0.023969
