0 0.171109 0.439645 0.027472 0.031903
0 0.139593 0.319010 0.026284 0.031903
0 0.284090 0.269804 0.029850 0.028729
0 0.303118 0.391232 0.027472 0.036666
0 0.425018 0.230121 0.028661 0.035081
0 0.588544 0.304724 0.029852 0.038256
0 0.693795 0.345995 0.028661 0.038253
0 0.744934 0.143613 0.021527 0.033491
0 0.869807 0.099963 0.026284 0.038253
0 0.755042 0.329328 0.025095 0.036668
0 0.817479 0.416629 0.021527 0.043016
0 0.755636 0.436471 0.021527 0.028731
0 0.694389 0.460281 0.027472 0.035081
0 0.766340 0.877741 0.028661 0.044603
0 0.552866 0.857106 0.022716 0.028731
