0 0.782991 0.966629 0.019148 0.028729
0 0.925703 0.925359 0.019148 0.028731
0 0.888835 0.693613 0.019148 0.031903
0 0.952461 0.437265 0.020335 0.027144
0 0.756231 0.651550 0.022716 0.033493
0 0.606383 0.841232 0.025095 0.041428
0 0.472589 0.688852 0.019148 0.025556
0 0.600436 0.605518 0.015580 0.023969
0 0.342364 0.546787 0.017958 0.023969
0 0.237114 0.741234 0.014390 0.019206
0 0.273386 0.830915 0.017958 0.023969
0 0.060507 0.564249 0.034608 0.027144
0 0.183596 0.334884 0.031040 0.031906
0 0.328688 0.108693 0.019148 0.027144
0 0.157432 0.145201 0.019148 0.027141
0 0.118780 0.037265 0.025095 0.023969
0 0.077155 0.050756 0.015580 0.025556
0 0.025422 0.051550 0.014390 0.027144
