0 0.815100 0.606312 0.026284 0.025556
0 0.705687 0.605518 0.014390 0.020794
0 0.601685 0.429407 0.017839 0.026984
0 0.711692 0.435757 0.019028 0.026984
0 0.817479 0.436471 0.014390 0.025556
0 0.778828 0.374566 0.025095 0.044603
0 0.548108 0.353932 0.022716 0.047778
0 0.337607 0.299963 0.022714 0.041428
0 0.251384 0.303137 0.016769 0.019206
0 0.152080 0.313456 0.020337 0.020794
0 0.147323 0.235676 0.022714 0.039841
0 0.082508 0.266630 0.019148 0.022381
0 0.021259 0.278534 0.020337 0.023969
0 0.063479 0.417423 0.019148 0.028729
0 0.768719 0.249168 0.019146 0.025556
0 0.923915 0.211077 0.025087 0.028726
0 0.807370 0.076154 0.025093 0.035078
0 0.753259 0.159487 0.023903 0.036668
0 0.042132 0.023851 0.019028 0.025397
0 0.391719 0.383296 0.023903 0.030319
