0 0.111645 0.594486 0.020335 0.026984
0 0.084292 0.381788 0.020337 0.030159
0 0.442263 0.436550 0.020337 0.038094
0 0.027801 0.227820 0.023905 0.023809
0 0.871591 0.630201 0.025095 0.041271
0 0.877538 0.459566 0.017958 0.023809
0 0.656332 0.557979 0.022714 0.030159
0 0.238898 0.261154 0.022716 0.023809
0 0.330472 0.077820 0.017958 0.034922
0 0.439290 0.092898 0.016769 0.026984
0 0.543351 0.065123 0.022714 0.025397
0 0.488050 0.324645 0.021525 0.020634
0 0.659900 0.377820 0.022716 0.031747
0 0.738987 0.342106 0.021527 0.030157
0 0.848994 0.909566 0.022716 0.028572
0 0.780017 0.836551 0.020337 0.028572
0 0.389340 0.849248 0.023903 0.034922
0 0.284684 0.961154 0.019148 0.033334
0 0.385178 0.717503 0.017958 0.028569
0 0.389936 0.538932 0.017958 0.023809
