0 0.618276 0.896788 0.020335 0.035078
0 0.518972 0.838059 0.016769 0.028731
0 0.703903 0.689645 0.017958 0.030316
0 0.737797 0.549170 0.019148 0.031903
0 0.630763 0.511074 0.016769 0.028731
0 0.684875 0.473771 0.017958 0.023969
0 0.533242 0.484884 0.019148 0.027144
0 0.356041 0.596788 0.021525 0.025554
0 0.263277 0.954724 0.021525 0.030319
0 0.277549 0.758693 0.016769 0.028731
0 0.220464 0.817423 0.016769 0.025554
0 0.187164 0.784884 0.021525 0.027144
0 0.203813 0.704724 0.021525 0.025556
0 0.129484 0.722184 0.017956 0.022381
0 0.056938 0.742027 0.017956 0.023969
0 0.009173 0.783296 0.018347 0.027144
0 0.184786 0.596788 0.014390 0.028729
0 0.153269 0.445201 0.017958 0.027141
