0 0.005010 0.480995 0.010021 0.025397
0 0.377447 0.699168 0.014390 0.027144
0 0.431559 0.158693 0.015580 0.025556
0 0.448805 0.091234 0.014390 0.023969
0 0.379231 0.076153 0.015580 0.022381
0 0.320956 0.113456 0.020337 0.020794
0 0.330472 0.050756 0.013201 0.025556
0 0.271008 0.057899 0.015580 0.020794
0 0.188353 0.012720 0.021525 0.025440
0 0.144350 0.060281 0.016769 0.022381
0 0.108078 0.147581 0.017958 0.019206
0 0.087860 0.239646 0.015580 0.022381
0 0.095589 0.303931 0.014390 0.017619
0 0.056343 0.318217 0.014390 0.023966
0 0.062884 0.408693 0.015580 0.020794
0 0.017098 0.419010 0.016769 0.022379
0 0.024233 0.515837 0.014390 0.022381
0 0.092022 0.926946 0.021525 0.025556
