0 0.474373 0.903931 0.020337 0.027144
0 0.246033 0.945995 0.022714 0.025554
0 0.345932 0.766630 0.015580 0.022381
0 0.068830 0.788059 0.029850 0.027144
0 0.185974 0.565042 0.033419 0.031903
0 0.335228 0.342026 0.029850 0.033491
0 0.445237 0.111868 0.021527 0.027144
0 0.886456 0.895993 0.019148 0.020794
0 0.601626 0.822184 0.022714 0.022381
0 0.951867 0.647581 0.016769 0.025556
0 0.189542 0.158693 0.019148 0.028731
0 0.153269 0.357106 0.020337 0.028731
0 0.105699 0.246787 0.015580 0.017619
0 0.067047 0.257106 0.016769 0.022381
0 0.645035 0.576946 0.021525 0.027144
0 0.545135 0.646788 0.021525 0.023966
