0 0.307340 0.754804 0.014271 0.026984
0 0.975116 0.297661 0.024975 0.030159
0 0.945385 0.123851 0.024975 0.028572
0 0.368588 0.720676 0.017839 0.025397
0 0.450647 0.383376 0.017839 0.026984
0 0.323395 0.409566 0.020218 0.022222
0 0.184845 0.773057 0.011894 0.022222
0 0.208630 0.765915 0.011892 0.020637
0 0.199116 0.676232 0.011892 0.019047
0 0.140247 0.768296 0.013081 0.019050
0 0.136084 0.734963 0.011892 0.019047
0 0.130733 0.700042 0.013083 0.019047
0 0.115272 0.694486 0.017839 0.020634
0 0.115866 0.733376 0.011892 0.015872
0 0.115272 0.780201 0.010703 0.020634
0 0.099812 0.677820 0.013081 0.015872
0 0.236579 0.457185 0.010703 0.022222
0 0.395346 0.220676 0.014271 0.022222
0 0.369777 0.103217 0.015460 0.025397
0 0.263931 0.130201 0.017839 0.022222
0 0.175330 0.084963 0.016650 0.023809
0 0.182467 0.175439 0.014271 0.020634
0 0.045700 0.685757 0.019028 0.022222
0 0.431618 0.503217 0.013081 0.025397
0 0.803267 0.927820 0.023784 0.030159
