0 0.114618 0.100757 0.028661 0.036666
0 0.745528 0.100756 0.015580 0.023969
0 0.634926 0.126946 0.017958 0.028731
0 0.510052 0.452345 0.027472 0.038253
0 0.620059 0.762662 0.019148 0.027144
0 0.824615 0.814248 0.023903 0.031903
0 0.423235 0.826948 0.025095 0.035078
0 0.163973 0.899170 0.022716 0.030316
0 0.093806 0.922185 0.020335 0.025554
0 0.161000 0.442820 0.023905 0.028729
0 0.314416 0.415042 0.023903 0.030316
0 0.936406 0.467423 0.023903 0.043016
0 0.779422 0.376154 0.023905 0.038253
0 0.271602 0.171392 0.021527 0.031903
