0 0.191386 0.172265 0.032110 0.036507
0 0.788401 0.877820 0.022597 0.038097
0 0.836567 0.976232 0.026165 0.038097
0 0.968576 0.621471 0.030920 0.036507
0 0.561250 0.523852 0.027352 0.041269
0 0.705746 0.525439 0.028542 0.034922
0 0.568385 0.231788 0.027354 0.031747
0 0.536869 0.036550 0.028542 0.038094
0 0.965009 0.176232 0.030922 0.031747
0 0.382264 0.316709 0.028544 0.036507
0 0.308529 0.527026 0.030922 0.034922
0 0.105758 0.545281 0.027352 0.033332
0 0.168790 0.315123 0.039246 0.026984
0 0.255607 0.100835 0.020218 0.033334
