0 0.567136 0.792820 0.022716 0.027141
0 0.356634 0.888852 0.015580 0.025556
0 0.235924 0.872184 0.019148 0.023969
0 0.102131 0.692027 0.015580 0.022381
0 0.093806 0.519010 0.022714 0.025554
0 0.015909 0.430915 0.019148 0.023969
0 0.062884 0.246788 0.022716 0.027141
0 0.986356 0.879328 0.019148 0.025556
0 0.978625 0.753137 0.015580 0.027144
0 0.967328 0.625359 0.012011 0.022381
0 0.942947 0.356312 0.013201 0.017619
0 0.919756 0.230121 0.016769 0.022381
0 0.970301 0.059487 0.015580 0.023969
0 0.865644 0.066629 0.017958 0.025554
0 0.820453 0.497582 0.020337 0.039841
0 0.714607 0.650756 0.029850 0.019206
0 0.452967 0.574565 0.022714 0.019206
0 0.378636 0.322978 0.021527 0.027144
0 0.359013 0.133296 0.015580 0.022381
