0 0.571894 0.983296 0.017958 0.027144
0 0.644439 0.984884 0.017958 0.027144
0 0.815100 0.982503 0.016769 0.031906
0 0.608167 0.838059 0.016769 0.025556
0 0.578435 0.779328 0.019146 0.028731
0 0.496375 0.921392 0.019148 0.030316
0 0.391720 0.904724 0.016769 0.028731
0 0.295983 0.895201 0.020337 0.044603
0 0.253763 0.804724 0.016769 0.025556
0 0.175271 0.802343 0.016769 0.027144
0 0.091428 0.801551 0.017958 0.041428
0 0.060506 0.709487 0.015580 0.025556
0 0.903702 0.238852 0.032229 0.027144
0 0.803802 0.045201 0.022714 0.036666
