0 0.834129 0.825359 0.026284 0.028731
0 0.731257 0.832503 0.017956 0.023969
0 0.628384 0.664249 0.019148 0.023969
0 0.733041 0.669010 0.021525 0.030316
0 0.840076 0.663456 0.019148 0.025556
0 0.801423 0.609486 0.027472 0.044603
0 0.574273 0.589645 0.025095 0.036666
0 0.497564 0.595995 0.019148 0.027141
0 0.359608 0.534884 0.021527 0.035081
0 0.275765 0.530915 0.022716 0.030319
0 0.178244 0.540440 0.020337 0.020794
0 0.086670 0.641234 0.025095 0.019206
0 0.166351 0.461867 0.027472 0.041428
0 0.100347 0.484884 0.021527 0.027144
0 0.042072 0.494407 0.019148 0.020791
0 0.950677 0.423773 0.026282 0.035078
0 0.796667 0.475359 0.022716 0.023969
0 0.781801 0.384090 0.019148 0.028731
0 0.839481 0.292026 0.017958 0.028729
0 0.844238 0.115835 0.020335 0.028729
0 0.799045 0.149962 0.017958 0.023969
0 0.036126 0.142027 0.021525 0.020794
0 0.046235 0.176946 0.017958 0.020794
0 0.096778 0.163456 0.019148 0.025556
0 0.144350 0.182503 0.021527 0.025556
0 0.156837 0.160281 0.020337 0.022381
0 0.213922 0.175359 0.017958 0.023969
0 0.224625 0.146787 0.015580 0.023969
0 0.284089 0.147581 0.020337 0.025556
0 0.325714 0.115043 0.015580 0.027144
0 0.348311 0.141232 0.017958 0.028729
0 0.436316 0.133296 0.015580 0.028731
0 0.410153 0.099962 0.017958 0.022381
0 0.483888 0.115043 0.015580 0.023969
0 0.499943 0.086471 0.019148 0.023969
0 0.555244 0.107899 0.017958 0.022381
0 0.601625 0.081709 0.017958 0.027144
0 0.661089 0.111868 0.017958 0.023969
0 0.689633 0.069010 0.017958 0.030316
0 0.766341 0.115043 0.014390 0.027144
0 0.773475 0.057899 0.021527 0.027144
