0 0.494591 0.099962 0.015580 0.022381
0 0.177650 0.502343 0.019148 0.027144
0 0.228788 0.596788 0.016769 0.025554
0 0.141972 0.938852 0.021527 0.030319
0 0.564758 0.761868 0.020337 0.028731
0 0.731257 0.685677 0.017956 0.028731
0 0.759205 0.452343 0.026284 0.028731
0 0.913215 0.655518 0.029850 0.031906
0 0.630763 0.212662 0.023905 0.028731
0 0.306686 0.515042 0.020337 0.030316
0 0.549297 0.383296 0.017958 0.027144
0 0.580219 0.293613 0.017956 0.028729
0 0.511835 0.311074 0.016769 0.022381
0 0.486861 0.188059 0.016767 0.023969
0 0.120564 0.518218 0.014390 0.020794
0 0.068237 0.433296 0.016769 0.022381
0 0.152080 0.327740 0.013201 0.014444
0 0.175866 0.319010 0.015580 0.019209
0 0.231167 0.181709 0.016769 0.017619
0 0.115807 0.233296 0.021527 0.022381
0 0.362581 0.137265 0.015580 0.020794
