0 0.657522 0.676232 0.022714 0.028572
0 0.545729 0.838137 0.015580 0.034919
0 0.960786 0.964329 0.022716 0.026984
0 0.401828 0.954010 0.015580 0.019047
0 0.385178 0.769884 0.013201 0.019050
0 0.298362 0.974645 0.015580 0.022222
0 0.202684 0.913535 0.016652 0.026984
0 0.039753 0.746867 0.019028 0.023809
0 0.021914 0.640519 0.021407 0.023809
0 0.234795 0.569882 0.019028 0.025397
0 0.344207 0.542899 0.014271 0.022224
0 0.325774 0.397661 0.020218 0.033334
0 0.233010 0.317503 0.015460 0.022224
0 0.127759 0.342898 0.016652 0.025397
0 0.416158 0.363534 0.013081 0.034919
0 0.802614 0.533376 0.017958 0.028572
0 0.624876 0.392106 0.019028 0.034919
0 0.821641 0.303217 0.022714 0.031747
0 0.628384 0.123057 0.016769 0.026984
0 0.420321 0.077820 0.014271 0.031747
0 0.212198 0.157185 0.016650 0.034922
0 0.064728 0.194486 0.019028 0.023809
0 0.991365 0.431788 0.017271 0.022222
