0 0.306151 0.388138 0.021407 0.030159
0 0.008773 0.652343 0.016769 0.022381
0 0.769372 0.320676 0.022597 0.031747
0 0.930520 0.203217 0.023786 0.034922
0 0.841324 0.065123 0.016652 0.025397
0 0.396475 0.085677 0.016769 0.035081
0 0.649257 0.180995 0.015460 0.022222
0 0.156302 0.016709 0.021407 0.023812
0 0.223495 0.223057 0.020218 0.036509
0 0.747371 0.119882 0.014273 0.020634
0 0.970895 0.452345 0.023903 0.038253
0 0.579625 0.252343 0.014390 0.035081
0 0.945980 0.955598 0.016650 0.028572
0 0.876408 0.940519 0.017839 0.023809
0 0.818728 0.905598 0.021407 0.023809
0 0.555899 0.604010 0.019028 0.023809
0 0.927546 0.637345 0.015460 0.023809
0 0.769967 0.557979 0.014271 0.023809
0 0.503570 0.380201 0.019027 0.030159
