0 0.203278 0.838931 0.022595 0.042856
0 0.278797 0.589724 0.016652 0.030157
0 0.240146 0.407185 0.022595 0.030159
0 0.358478 0.369090 0.023786 0.033332
0 0.752128 0.570676 0.021407 0.030159
0 0.832999 0.378613 0.019028 0.033334
0 0.977495 0.673851 0.022597 0.030159
0 0.730126 0.850042 0.017839 0.030159
0 0.746183 0.949248 0.019028 0.031747
0 0.724776 0.300042 0.023786 0.022222
0 0.303772 0.080201 0.019028 0.030159
0 0.473838 0.080995 0.014271 0.028572
0 0.478596 0.022264 0.014271 0.025397
0 0.502382 0.012741 0.016650 0.022222
0 0.549357 0.009545 0.013081 0.019090
0 0.579089 0.039726 0.015462 0.022222
0 0.811592 0.054010 0.019028 0.025397
0 0.557088 0.041313 0.016650 0.025397
0 0.563033 0.071470 0.019028 0.025397
0 0.391184 0.950042 0.017841 0.030159
0 0.445890 0.653217 0.022595 0.030159
