0 0.553460 0.972185 0.019148 0.030316
0 0.631358 0.907106 0.015580 0.020794
0 0.727095 0.879328 0.014390 0.025556
0 0.815695 0.842821 0.017958 0.022381
0 0.889430 0.802343 0.017958 0.023969
0 0.945920 0.790440 0.016769 0.022381
0 0.781801 0.821392 0.016769 0.027141
0 0.705093 0.857106 0.015580 0.028731
0 0.613519 0.867424 0.017958 0.023969
0 0.618276 0.822184 0.017956 0.022381
0 0.556434 0.863456 0.015580 0.025556
0 0.504700 0.834090 0.016767 0.020794
0 0.493402 0.855518 0.013201 0.028731
0 0.419667 0.846787 0.015580 0.023969
0 0.427398 0.820598 0.014390 0.025554
0 0.354851 0.831709 0.016767 0.028731
0 0.315011 0.855518 0.013201 0.019206
0 0.287062 0.822979 0.014390 0.027141
0 0.231761 0.846788 0.015580 0.027141
0 0.202030 0.809487 0.015580 0.025556
0 0.155053 0.815043 0.016769 0.020794
0 0.144945 0.839646 0.017958 0.022381
0 0.089049 0.801550 0.015580 0.022381
0 0.052182 0.818218 0.013201 0.020794
0 0.505889 0.684090 0.016767 0.025556
0 0.724716 0.702343 0.019148 0.023969
0 0.976246 0.537265 0.017958 0.023969
0 0.906674 0.607106 0.019148 0.039843
0 0.824020 0.546787 0.020335 0.023969
0 0.750285 0.567423 0.022714 0.027141
0 0.693200 0.600757 0.013203 0.039841
0 0.645629 0.537265 0.017958 0.027144
0 0.570110 0.529328 0.016769 0.027144
0 0.606977 0.372184 0.014390 0.023969
0 0.487455 0.534882 0.017956 0.041428
0 0.495186 0.462662 0.016769 0.027144
0 0.389341 0.449168 0.016769 0.022381
0 0.288847 0.425359 0.022716 0.031906
0 0.246627 0.333296 0.016769 0.022381
0 0.169919 0.341234 0.017958 0.019206
0 0.084886 0.332503 0.023905 0.036668
0 0.576057 0.303137 0.019148 0.031906
0 0.053371 0.250756 0.017958 0.031906
