0 0.409559 0.930121 0.014390 0.019206
0 0.615302 0.717423 0.021525 0.028729
0 0.750880 0.504724 0.019146 0.038256
0 0.901917 0.324566 0.016769 0.036666
0 0.809153 0.537265 0.014390 0.027144
0 0.879916 0.641234 0.015578 0.025556
0 0.760989 0.737265 0.015580 0.023969
0 0.772881 0.798375 0.017958 0.025556
0 0.868023 0.722184 0.013201 0.019206
0 0.676549 0.872978 0.013201 0.019206
0 0.992553 0.755518 0.014894 0.025556
0 0.141972 0.883296 0.021527 0.027144
0 0.111645 0.732503 0.015578 0.027144
0 0.021854 0.769010 0.016769 0.023966
0 0.385178 0.415043 0.022716 0.027144
0 0.542757 0.368217 0.016767 0.025554
0 0.500537 0.941232 0.025093 0.031903
0 0.732445 0.262662 0.013201 0.023969
0 0.193705 0.407899 0.013201 0.025556
0 0.162189 0.369010 0.016769 0.020791
0 0.087265 0.129328 0.019148 0.023969
