0 0.834188 0.523057 0.019028 0.036509
0 0.809748 0.754804 0.020337 0.026984
0 0.634331 0.620676 0.014390 0.031747
0 0.426208 0.588931 0.012011 0.031744
0 0.335288 0.613535 0.015462 0.020634
0 0.357289 0.757979 0.019028 0.020634
0 0.243118 0.530995 0.021407 0.026984
0 0.067107 0.400835 0.021407 0.026984
0 0.218740 0.373852 0.022597 0.039681
0 0.428051 0.291312 0.013083 0.023812
0 0.642120 0.341312 0.015460 0.031744
0 0.247281 0.777026 0.015460 0.023809
0 0.376912 0.889726 0.017839 0.023809
0 0.397130 0.969882 0.013081 0.022222
0 0.664062 0.889645 0.026284 0.036666
0 0.058187 0.938138 0.017839 0.025397
0 0.037969 0.837345 0.020218 0.023809
0 0.136084 0.550835 0.016650 0.022222
