0 0.348311 0.627740 0.017958 0.023969
0 0.260304 0.652343 0.017956 0.022381
0 0.183002 0.703931 0.013201 0.020794
0 0.130079 0.803137 0.019146 0.022381
0 0.428586 0.547582 0.019146 0.038253
0 0.766341 0.728534 0.014390 0.019206
0 0.956624 0.615043 0.019146 0.027144
0 0.862076 0.621392 0.015580 0.027141
0 0.784180 0.568218 0.016769 0.019206
0 0.873970 0.551551 0.015580 0.036666
0 0.662873 0.523773 0.019148 0.035078
0 0.707472 0.573771 0.017958 0.023969
0 0.597464 0.558693 0.016769 0.025556
0 0.521350 0.592027 0.016769 0.022381
0 0.435127 0.582503 0.010822 0.019206
0 0.609356 0.415837 0.019148 0.025556
0 0.191326 0.441234 0.015580 0.019206
0 0.063479 0.180121 0.016769 0.023969
0 0.261493 0.395201 0.017956 0.025554
0 0.334634 0.345995 0.016769 0.025554
0 0.401828 0.328534 0.017958 0.025556
0 0.482699 0.280915 0.015580 0.025556
0 0.525512 0.295995 0.017956 0.023966
0 0.572489 0.230121 0.014390 0.025556
0 0.602814 0.250756 0.013201 0.022381
0 0.669415 0.189646 0.020337 0.020794
0 0.696767 0.232503 0.017958 0.027144
0 0.699741 0.278534 0.012011 0.020794
0 0.753258 0.225359 0.014390 0.025556
0 0.809748 0.251550 0.013201 0.023969
0 0.812722 0.229328 0.019148 0.027144
0 0.881104 0.255518 0.013201 0.025556
0 0.880509 0.226946 0.014390 0.025556
0 0.945326 0.235677 0.015580 0.020794
0 0.971491 0.207899 0.015580 0.028731
0 0.736608 0.112662 0.014390 0.022381
0 0.704498 0.047581 0.014390 0.022381
0 0.750880 0.029328 0.019146 0.027144
