0 0.581408 0.968217 0.020335 0.028729
0 0.742555 0.893613 0.019148 0.028729
0 0.772287 0.676153 0.031040 0.025556
0 0.251979 0.799962 0.020337 0.022381
0 0.326903 0.730915 0.017958 0.027144
0 0.196083 0.708693 0.017958 0.020794
0 0.137809 0.724565 0.017958 0.027144
0 0.086076 0.640439 0.016769 0.030316
0 0.039098 0.636471 0.015580 0.025556
0 0.567136 0.606312 0.015580 0.022381
0 0.598058 0.516630 0.017956 0.023969
0 0.529674 0.533296 0.016769 0.025556
0 0.505295 0.405518 0.017956 0.020794
0 0.380420 0.352343 0.017958 0.025556
0 0.244248 0.395200 0.016769 0.019206
0 0.645629 0.443613 0.032231 0.027141
0 0.397071 0.028534 0.029850 0.038256
