0 0.185380 0.194407 0.020335 0.023966
0 0.480320 0.723771 0.017958 0.022381
0 0.602815 0.492026 0.022714 0.031903
0 0.737203 0.284882 0.020337 0.043016
0 0.796072 0.322184 0.012011 0.025556
0 0.754447 0.523771 0.016769 0.028731
0 0.667036 0.662662 0.017958 0.023969
0 0.765746 0.588852 0.013201 0.022381
0 0.859104 0.511868 0.014390 0.020794
0 0.870402 0.425359 0.017958 0.028731
0 0.988735 0.549962 0.016769 0.030319
0 0.885267 0.109487 0.019148 0.035081
0 0.376853 0.979328 0.027472 0.025556
0 0.312038 0.914249 0.009633 0.016031
0 0.306091 0.915043 0.009633 0.014444
0 0.287657 0.927740 0.013201 0.014444
0 0.256737 0.905518 0.020337 0.023969
0 0.533837 0.153137 0.017958 0.023969
0 0.376852 0.201550 0.015580 0.025556
0 0.121754 0.682503 0.016769 0.025556
0 0.097373 0.527740 0.015580 0.020794
0 0.435127 0.444407 0.017958 0.028729
