0 0.868024 0.941232 0.029850 0.044603
0 0.749096 0.671392 0.034608 0.047778
0 0.533242 0.645995 0.038174 0.047778
0 0.930459 0.226154 0.028661 0.036666
0 0.931650 0.173773 0.021527 0.030316
0 0.800829 0.209487 0.023903 0.031906
0 0.737797 0.224566 0.023905 0.033491
0 0.678334 0.140439 0.028661 0.036666
0 0.775259 0.038059 0.017958 0.025556
0 0.752069 0.041234 0.021525 0.025556
0 0.576651 0.095201 0.022714 0.031903
0 0.291820 0.180121 0.021527 0.027144
0 0.134836 0.117423 0.031040 0.035078
0 0.272792 0.065042 0.026284 0.035078
0 0.413721 0.026154 0.029850 0.036666
0 0.156837 0.229328 0.022716 0.030319
0 0.854347 0.300756 0.021527 0.030319
