0 0.517188 0.178534 0.025095 0.033493
0 0.684280 0.707899 0.016769 0.025556
0 0.540379 0.869010 0.019148 0.023966
0 0.604598 0.967424 0.019148 0.023969
0 0.754447 0.963456 0.023905 0.025556
0 0.337607 0.591232 0.020335 0.027141
0 0.299550 0.555518 0.020335 0.022381
0 0.255547 0.613456 0.017958 0.017619
0 0.259116 0.634884 0.013201 0.022381
0 0.153270 0.447582 0.027472 0.028729
0 0.313227 0.328534 0.021527 0.035081
0 0.654548 0.053138 0.028661 0.039841
0 0.718174 0.188852 0.022716 0.025556
0 0.825804 0.207899 0.023903 0.028731
0 0.887051 0.315835 0.025095 0.031903
0 0.948299 0.422184 0.021527 0.022381
0 0.809153 0.405518 0.016769 0.023969
0 0.426802 0.631709 0.025093 0.028731
