0 0.782396 0.939645 0.022716 0.031903
0 0.967922 0.822979 0.013201 0.027141
0 0.877538 0.838059 0.013201 0.025556
0 0.801424 0.787265 0.017958 0.019206
0 0.727095 0.794407 0.014390 0.020791
0 0.688443 0.756312 0.017958 0.036668
0 0.886456 0.775360 0.023905 0.036666
0 0.621843 0.784090 0.015580 0.019206
0 0.543351 0.815837 0.017956 0.025556
0 0.452966 0.774566 0.017958 0.035078
0 0.370907 0.846787 0.015580 0.020794
0 0.287062 0.865837 0.016769 0.023969
0 0.210354 0.909487 0.015580 0.019206
0 0.212733 0.653931 0.015580 0.022381
0 0.282305 0.608693 0.014390 0.020794
0 0.356634 0.563456 0.015580 0.019206
0 0.423235 0.545201 0.020337 0.023966
0 0.504700 0.499962 0.016767 0.025556
0 0.548108 0.518218 0.013201 0.020794
0 0.594491 0.447581 0.015580 0.025556
0 0.624816 0.469010 0.014390 0.020791
0 0.722337 0.499962 0.016769 0.022381
0 0.718769 0.448375 0.016769 0.023969
0 0.690822 0.404724 0.017958 0.025556
0 0.628979 0.639646 0.017958 0.028731
0 0.775854 0.443613 0.016769 0.023966
0 0.832939 0.467424 0.014390 0.017619
0 0.835318 0.441234 0.016769 0.022381
0 0.904295 0.470597 0.012011 0.020794
0 0.903701 0.434884 0.017958 0.022381
0 0.968517 0.444407 0.014390 0.019209
0 0.994337 0.410281 0.011326 0.023969
0 0.759799 0.322184 0.015580 0.022381
0 0.727689 0.252343 0.013201 0.022381
0 0.775259 0.232503 0.013201 0.023969
0 0.720553 0.176153 0.017958 0.022381
0 0.742555 0.090440 0.014390 0.019206
0 0.692011 0.104724 0.015580 0.022381
0 0.075371 0.378534 0.016769 0.020794
