0 0.912027 0.800042 0.022716 0.028572
0 0.715202 0.758773 0.023903 0.025397
0 0.527296 0.576232 0.021525 0.034922
0 0.340580 0.448454 0.019148 0.026984
0 0.218085 0.454804 0.016769 0.023809
0 0.394097 0.592898 0.016769 0.023809
0 0.095649 0.085757 0.026165 0.034922
0 0.026077 0.029407 0.017839 0.023809
0 0.094456 0.273056 0.023777 0.031744
0 0.554115 0.344487 0.024975 0.031744
0 0.439944 0.127820 0.022597 0.036509
0 0.729532 0.479407 0.021405 0.031747
0 0.991423 0.488138 0.017153 0.030159
0 0.975116 0.352423 0.020218 0.031747
0 0.956683 0.222264 0.019028 0.028572
0 0.934623 0.136551 0.015580 0.022222
0 0.700336 0.204010 0.032229 0.026984
0 0.798510 0.061154 0.026165 0.033334
