0 0.829966 0.946787 0.015580 0.023969
0 0.818074 0.830915 0.015580 0.023969
0 0.753852 0.840440 0.013201 0.023969
0 0.715795 0.824565 0.017958 0.017619
0 0.790125 0.758693 0.016769 0.028731
0 0.933434 0.761868 0.020337 0.022381
0 0.881699 0.774565 0.014390 0.019206
0 0.803208 0.380121 0.014390 0.027144
0 0.633142 0.430121 0.021527 0.038256
0 0.709255 0.919804 0.023903 0.036666
0 0.603409 0.677740 0.021527 0.035081
0 0.450648 0.446868 0.027352 0.036507
0 0.363176 0.772979 0.016769 0.028729
0 0.277548 0.828534 0.023903 0.035081
0 0.190731 0.792820 0.021527 0.023966
0 0.152080 0.748375 0.015580 0.020794
0 0.085481 0.706312 0.015580 0.019206
0 0.260899 0.481709 0.019146 0.027144
0 0.096184 0.389646 0.020337 0.023969
0 0.097969 0.161074 0.026282 0.030319
0 0.040288 0.054724 0.020337 0.027144
0 0.274576 0.047582 0.020337 0.035078
