0 0.849649 0.507979 0.023786 0.034922
0 0.746777 0.574645 0.029731 0.034922
0 0.793158 0.396868 0.022597 0.044444
0 0.966198 0.578613 0.023786 0.036509
0 0.765210 0.880201 0.030920 0.039684
0 0.813971 0.919090 0.026165 0.034919
0 0.973333 0.923057 0.030920 0.030159
0 0.957278 0.169884 0.027352 0.034919
0 0.688502 0.269090 0.029731 0.033332
0 0.555304 0.019884 0.027354 0.039681
0 0.774724 0.186551 0.026165 0.030159
0 0.114083 0.089724 0.029731 0.033332
0 0.308529 0.050835 0.030922 0.038097
0 0.318044 0.683375 0.028542 0.042856
