0 0.660494 0.699962 0.021527 0.025556
0 0.734229 0.638852 0.021527 0.030319
0 0.490428 0.638852 0.021527 0.023969
0 0.067047 0.831709 0.019148 0.028731
0 0.092022 0.617423 0.021525 0.038253
0 0.145540 0.668217 0.016769 0.028729
0 0.934622 0.507106 0.020335 0.039843
0 0.713418 0.452345 0.020335 0.041428
0 0.469616 0.459487 0.015580 0.052538
0 0.548108 0.377740 0.020337 0.022381
0 0.265655 0.417423 0.021527 0.025554
0 0.936406 0.400756 0.021525 0.027144
0 0.904295 0.231709 0.021527 0.028731
0 0.873375 0.112662 0.021527 0.031906
0 0.593301 0.040440 0.020337 0.023969
0 0.501727 0.227740 0.017958 0.033493
0 0.405396 0.171392 0.025095 0.031903
0 0.101536 0.483296 0.023905 0.030319
0 0.088455 0.400757 0.021527 0.033491
0 0.148512 0.301550 0.022714 0.031906
0 0.177055 0.122978 0.020337 0.023969
0 0.117591 0.169010 0.017958 0.023966
0 0.169324 0.031709 0.016769 0.028731
0 0.112240 0.081709 0.021525 0.020794
0 0.089049 0.142820 0.020337 0.031903
0 0.045045 0.112662 0.022716 0.025556
0 0.008579 0.161074 0.017157 0.027144
