0 0.320421 0.895279 0.016650 0.025397
0 0.752664 0.736471 0.032229 0.031906
0 0.602221 0.972185 0.023903 0.033491
0 0.872186 0.497582 0.019148 0.030316
0 0.984572 0.277026 0.025095 0.026984
0 0.760989 0.174645 0.017958 0.019047
0 0.714011 0.182582 0.014390 0.019047
0 0.648008 0.175439 0.017958 0.017460
0 0.595085 0.186551 0.016769 0.020634
0 0.490428 0.210360 0.019148 0.023809
0 0.426208 0.224645 0.019148 0.020634
0 0.362581 0.239726 0.020337 0.022222
0 0.251979 0.283376 0.017958 0.020634
0 0.033808 0.149248 0.019028 0.022222
0 0.090297 0.077026 0.015462 0.023809
0 0.101596 0.084170 0.014271 0.019047
0 0.099217 0.122264 0.014271 0.022222
0 0.118245 0.087345 0.016650 0.022222
0 0.120624 0.119089 0.019028 0.025397
0 0.351938 0.057185 0.020218 0.025397
0 0.790779 0.290518 0.020218 0.028569
0 0.508921 0.793693 0.017839 0.038094
0 0.184845 0.057979 0.019027 0.023809
