0 0.341234 0.345279 0.017839 0.023809
0 0.376317 0.554804 0.019028 0.023809
0 0.188412 0.710360 0.019028 0.026984
0 0.204467 0.807185 0.017839 0.026984
0 0.281770 0.772264 0.020218 0.026984
0 0.012995 0.435757 0.022597 0.023809
0 0.228848 0.357979 0.019028 0.026984
0 0.318043 0.188138 0.016650 0.026984
0 0.230037 0.113535 0.021407 0.030159
0 0.336476 0.328613 0.017839 0.025397
0 0.026671 0.546867 0.021407 0.026984
0 0.454810 0.847661 0.023786 0.028572
0 0.417348 0.879407 0.017839 0.028572
0 0.535681 0.611953 0.016650 0.039694
0 0.966793 0.769090 0.024975 0.042856
0 0.977495 0.928613 0.022597 0.034922
0 0.791909 0.308773 0.020337 0.026984
0 0.978030 0.220676 0.016769 0.025397
0 0.915000 0.099248 0.019148 0.023809
0 0.808559 0.087345 0.020337 0.028572
0 0.410212 0.141313 0.013083 0.025397
0 0.613519 0.170676 0.010822 0.023809
0 0.125382 0.138932 0.019028 0.023809
