0 0.765152 0.695201 0.016769 0.025554
0 0.753852 0.682503 0.017958 0.031906
0 0.699741 0.870598 0.019148 0.043016
0 0.663468 0.881709 0.025095 0.036668
0 0.516593 0.922979 0.016769 0.027141
0 0.503510 0.883296 0.019146 0.033493
0 0.226410 0.957899 0.031040 0.043018
0 0.608761 0.336470 0.029852 0.038253
0 0.543946 0.184090 0.021525 0.035081
0 0.526107 0.047582 0.023903 0.038253
0 0.494592 0.500756 0.032229 0.030319
0 0.084886 0.604724 0.019148 0.025556
0 0.039694 0.538851 0.021525 0.036666
0 0.256142 0.160281 0.016769 0.031906
0 0.241871 0.035677 0.016769 0.033493
0 0.485078 0.189646 0.015580 0.027144
0 0.417883 0.192820 0.016769 0.023966
0 0.339986 0.734090 0.022714 0.027144
