0 0.398854 0.512662 0.016769 0.025556
0 0.485078 0.380915 0.017958 0.025556
0 0.680117 0.473771 0.015580 0.023969
0 0.793694 0.776154 0.033419 0.035078
0 0.915594 0.540439 0.027472 0.033491
0 0.679523 0.129328 0.021527 0.027144
0 0.772286 0.061868 0.019148 0.022381
0 0.241870 0.852343 0.019146 0.019206
0 0.215706 0.984090 0.021527 0.028731
0 0.187164 0.860281 0.021525 0.031906
0 0.103914 0.726153 0.031040 0.020794
0 0.196678 0.561868 0.028663 0.022381
0 0.335228 0.310281 0.022714 0.027144
0 0.027801 0.216630 0.019148 0.023969
0 0.059911 0.203137 0.019148 0.019206
0 0.104509 0.076153 0.017958 0.022381
0 0.275765 0.284884 0.015580 0.020794
0 0.449399 0.052343 0.017956 0.025556
