0 0.244308 0.973851 0.023786 0.030159
0 0.477406 0.987323 0.023786 0.025354
0 0.507732 0.895281 0.024975 0.034919
0 0.589198 0.671470 0.019028 0.025397
0 0.561250 0.563535 0.022595 0.022222
0 0.638552 0.553217 0.015460 0.023809
0 0.718829 0.646073 0.019028 0.022222
0 0.776509 0.674645 0.015460 0.019047
0 0.702179 0.543692 0.019028 0.023809
0 0.722397 0.556392 0.016650 0.020634
0 0.739046 0.562741 0.019028 0.023809
0 0.794348 0.635757 0.017839 0.023809
0 0.818134 0.624645 0.020218 0.030159
0 0.828241 0.565123 0.016650 0.025397
0 0.812781 0.534963 0.023786 0.022222
0 0.489298 0.558773 0.026165 0.038097
0 0.492866 0.222264 0.023786 0.028572
0 0.956683 0.276232 0.023786 0.031747
0 0.992613 0.569884 0.014775 0.034919
0 0.874624 0.015100 0.021407 0.030200
0 0.587414 0.043692 0.015460 0.023809
0 0.470865 0.072264 0.017839 0.026984
0 0.262148 0.048454 0.023784 0.026984
0 0.167006 0.154804 0.021405 0.030159
