0 0.829371 0.924566 0.019148 0.043016
0 0.951273 0.930121 0.020337 0.025556
0 0.953057 0.761868 0.014390 0.019206
0 0.938189 0.647582 0.017958 0.028729
0 0.889430 0.489645 0.020337 0.030316
0 0.903701 0.375359 0.017958 0.027144
0 0.951867 0.172978 0.016769 0.025556
0 0.909053 0.637265 0.016769 0.027144
0 0.400045 0.778534 0.031040 0.027144
0 0.367933 0.592026 0.028661 0.028729
0 0.342959 0.413456 0.028661 0.027144
0 0.130079 0.943613 0.026282 0.027141
0 0.041477 0.836471 0.020337 0.022381
0 0.009962 0.721392 0.016769 0.030316
0 0.078939 0.678534 0.021527 0.017619
0 0.046235 0.586471 0.022716 0.023969
0 0.115213 0.405518 0.022714 0.030319
0 0.045045 0.138852 0.015580 0.020794
0 0.219275 0.165042 0.021527 0.028729
0 0.494651 0.145279 0.017839 0.026984
0 0.432808 0.205598 0.017839 0.036509
