0 0.046889 0.438137 0.026165 0.034919
0 0.239552 0.484963 0.021407 0.030159
0 0.447080 0.400042 0.017841 0.041271
0 0.615362 0.380995 0.016652 0.031747
0 0.855001 0.373057 0.015460 0.038097
0 0.918031 0.210360 0.017839 0.023809
0 0.934682 0.123851 0.015462 0.025397
0 0.973927 0.176232 0.015460 0.022222
0 0.899003 0.157979 0.017839 0.030159
0 0.839540 0.069882 0.015462 0.022222
0 0.802672 0.199248 0.015462 0.026984
0 0.549357 0.236551 0.020218 0.028572
0 0.343613 0.174645 0.017839 0.028572
0 0.328152 0.043693 0.017839 0.030157
0 0.435781 0.015915 0.021407 0.028569
0 0.775259 0.942026 0.020337 0.030316
