0 0.375723 0.584963 0.020218 0.023809
0 0.765805 0.773057 0.022595 0.031747
0 0.467296 0.859566 0.017839 0.030159
0 0.363236 0.891312 0.021407 0.030157
0 0.257391 0.620676 0.019028 0.025397
0 0.890679 0.851629 0.017839 0.030159
0 0.849649 0.580201 0.021407 0.030159
0 0.741425 0.508773 0.019028 0.026984
0 0.319233 0.286551 0.028542 0.030159
0 0.597523 0.277026 0.011894 0.020634
0 0.596928 0.237345 0.015462 0.020634
0 0.595144 0.189726 0.014273 0.023809
0 0.580872 0.273057 0.016650 0.025397
0 0.574332 0.239726 0.015460 0.022222
0 0.568385 0.205598 0.015460 0.023809
0 0.520220 0.207979 0.014273 0.022222
0 0.494056 0.219089 0.016650 0.025397
0 0.488704 0.278613 0.015460 0.023809
0 0.506543 0.306392 0.017839 0.025397
0 0.807429 0.091312 0.020218 0.026982
