0 0.214577 0.886550 0.026165 0.039681
0 0.124192 0.715915 0.026165 0.041269
0 0.253823 0.751629 0.026165 0.042859
0 0.397723 0.780202 0.030919 0.036512
0 0.528545 0.811946 0.028544 0.036507
0 0.900193 0.923851 0.027352 0.038097
0 0.880570 0.412740 0.026163 0.041269
0 0.855595 0.163534 0.030920 0.031744
0 0.698016 0.215121 0.022597 0.046031
0 0.463729 0.154010 0.029731 0.082540
0 0.238956 0.271470 0.027352 0.079366
0 0.051051 0.438137 0.024973 0.047619
0 0.062349 0.190518 0.028544 0.044444
0 0.104569 0.108773 0.015460 0.020634
