0 0.968576 0.737343 0.030920 0.049206
0 0.903760 0.892899 0.027354 0.039681
0 0.012995 0.838932 0.024975 0.030159
0 0.016563 0.870676 0.017841 0.023809
0 0.018346 0.904010 0.016650 0.023809
0 0.035590 0.874645 0.017839 0.025397
0 0.220523 0.788137 0.026163 0.036507
0 0.034996 0.907185 0.019027 0.020634
0 0.056344 0.923773 0.021525 0.028729
0 0.077810 0.868296 0.026165 0.028569
0 0.106947 0.922264 0.024973 0.031747
0 0.174141 0.923057 0.026165 0.030159
0 0.146788 0.825439 0.023784 0.031747
0 0.228848 0.947662 0.026165 0.038094
0 0.241335 0.534170 0.032110 0.039684
0 0.209819 0.627026 0.028544 0.044446
0 0.062944 0.507185 0.022597 0.030159
0 0.372155 0.521471 0.032110 0.046031
0 0.478596 0.543693 0.030922 0.033332
0 0.203873 0.267503 0.030920 0.036507
0 0.125975 0.105598 0.027352 0.036509
0 0.250255 0.124645 0.033301 0.033334
0 0.389994 0.157185 0.029731 0.034922
0 0.521409 0.189724 0.028542 0.046031
0 0.900192 0.326232 0.024975 0.033334
