0 0.887646 0.404724 0.026284 0.028731
0 0.394098 0.907899 0.023903 0.060475
0 0.240681 0.783296 0.031040 0.033493
0 0.130079 0.579328 0.028661 0.022381
0 0.037910 0.333296 0.029850 0.031906
0 0.067642 0.259487 0.017958 0.020794
0 0.102131 0.277740 0.015580 0.022381
0 0.165163 0.269010 0.015580 0.027141
0 0.174081 0.395200 0.014390 0.019206
0 0.293009 0.468217 0.023905 0.035078
0 0.436316 0.450756 0.020337 0.025556
0 0.570705 0.429328 0.020337 0.027144
0 0.749096 0.424565 0.017956 0.020794
0 0.738392 0.296788 0.020337 0.025554
0 0.644439 0.232503 0.020337 0.020794
0 0.583786 0.238852 0.020337 0.027144
0 0.591517 0.137265 0.019148 0.027144
0 0.655738 0.118217 0.023903 0.030316
0 0.526701 0.143613 0.015580 0.023966
0 0.388746 0.106312 0.015580 0.025556
