0 0.260364 0.457185 0.020216 0.034922
0 0.134300 0.763534 0.024975 0.041269
0 0.257986 0.870677 0.017839 0.036507
0 0.406050 0.654010 0.016650 0.038097
0 0.524977 0.507979 0.026163 0.025397
0 0.772940 0.636551 0.022597 0.034922
0 0.906139 0.636551 0.020218 0.034922
0 0.875813 0.788138 0.016650 0.030159
0 0.810997 0.925439 0.020218 0.031747
0 0.919816 0.149248 0.040436 0.076191
0 0.733099 0.345281 0.019028 0.042856
0 0.423889 0.292106 0.019028 0.034919
0 0.343613 0.168296 0.015460 0.034919
0 0.714664 0.088132 0.029725 0.042846
0 0.161060 0.213535 0.014271 0.026984
0 0.084351 0.330201 0.013081 0.038097
