0 0.727154 0.565916 0.019028 0.026984
0 0.730662 0.585677 0.016767 0.025556
0 0.959062 0.926232 0.016650 0.023809
0 0.970360 0.966710 0.015462 0.025397
0 0.992613 0.880995 0.014775 0.031747
0 0.907923 0.855598 0.019028 0.025397
0 0.733694 0.754010 0.015460 0.025397
0 0.715260 0.646867 0.016650 0.023809
0 0.889490 0.581788 0.013081 0.023809
0 0.965603 0.472264 0.015460 0.030159
0 0.732505 0.361948 0.020218 0.022222
0 0.812781 0.171470 0.016650 0.031747
0 0.504759 0.848454 0.021405 0.030159
0 0.395346 0.879407 0.019028 0.028572
0 0.181277 0.629407 0.021407 0.039684
0 0.227658 0.196867 0.021407 0.025397
0 0.343613 0.154804 0.022597 0.030159
