0 0.306091 0.970598 0.019148 0.039841
0 0.268629 0.720598 0.022716 0.038253
0 0.439884 0.565835 0.022716 0.033491
0 0.604599 0.397582 0.026282 0.033491
0 0.749096 0.203931 0.032229 0.033493
0 0.791314 0.557106 0.016769 0.028731
0 0.597463 0.645201 0.019146 0.023966
0 0.935813 0.525359 0.015580 0.025556
0 0.267439 0.402343 0.020337 0.027144
0 0.234140 0.308693 0.020337 0.033493
0 0.470211 0.243613 0.021525 0.027141
0 0.535621 0.361868 0.019148 0.028731
0 0.598058 0.163456 0.020335 0.025556
0 0.344742 0.107899 0.013201 0.019206
0 0.071804 0.123773 0.038176 0.041428
0 0.683686 0.045995 0.013201 0.028729
0 0.583787 0.099168 0.022714 0.023969
0 0.483294 0.164249 0.021527 0.023969
0 0.444047 0.187265 0.014390 0.025556
0 0.412531 0.097581 0.013203 0.023969
0 0.213328 0.552343 0.012011 0.019206
0 0.936406 0.035677 0.019146 0.023969
