0 0.587949 0.557106 0.021527 0.038256
0 0.783584 0.907106 0.029850 0.039843
0 0.887051 0.740439 0.022716 0.030316
0 0.829371 0.917423 0.016769 0.038253
0 0.917378 0.452343 0.014392 0.022381
0 0.898349 0.467423 0.016767 0.027141
0 0.834723 0.342820 0.015580 0.028729
0 0.821047 0.298375 0.014390 0.025556
0 0.677740 0.349963 0.029850 0.043016
0 0.639088 0.363454 0.028661 0.038253
0 0.725311 0.216629 0.020337 0.033491
0 0.613518 0.263454 0.022714 0.035078
0 0.695578 0.059487 0.020337 0.030319
0 0.581408 0.099168 0.020335 0.027144
