0 0.115212 0.819090 0.015580 0.034919
0 0.082508 0.618295 0.021527 0.026984
0 0.021855 0.460360 0.026282 0.025397
0 0.384583 0.940518 0.021527 0.033332
0 0.388746 0.777820 0.017958 0.031747
0 0.438100 0.693693 0.019148 0.034919
0 0.646223 0.811154 0.028663 0.034922
0 0.860293 0.860360 0.026282 0.034922
0 0.691416 0.905598 0.019146 0.020634
0 0.871591 0.688138 0.015580 0.020634
0 0.986356 0.918295 0.016769 0.026984
0 0.655738 0.622264 0.021525 0.031747
0 0.485671 0.562741 0.023903 0.017460
0 0.325119 0.325439 0.021527 0.025397
0 0.542162 0.313535 0.022714 0.026984
0 0.061695 0.313535 0.022716 0.030159
0 0.234735 0.528613 0.023905 0.038097
