0 0.337012 0.967423 0.021525 0.027141
0 0.238898 0.969804 0.017958 0.025554
0 0.227598 0.914248 0.021527 0.041428
0 0.160405 0.916630 0.015580 0.023969
0 0.100941 0.914249 0.020337 0.022381
0 0.049802 0.877740 0.027472 0.035081
0 0.839481 0.911074 0.017958 0.028731
0 0.983383 0.837265 0.017958 0.033493
0 0.828182 0.826946 0.014390 0.025556
0 0.884672 0.724565 0.015580 0.027144
0 0.898349 0.529328 0.016767 0.023969
0 0.851373 0.583296 0.017958 0.027144
0 0.820453 0.547581 0.017958 0.025556
0 0.714011 0.548375 0.019148 0.027144
0 0.606977 0.546787 0.019148 0.023969
0 0.536811 0.548375 0.021527 0.023969
0 0.487455 0.567424 0.017956 0.023969
0 0.397665 0.573771 0.021527 0.023969
0 0.331661 0.578534 0.022716 0.023969
0 0.264466 0.607106 0.019148 0.023969
0 0.186569 0.606312 0.017956 0.022381
0 0.140782 0.586471 0.019148 0.020794
0 0.087265 0.641234 0.014390 0.025556
0 0.084886 0.592027 0.014390 0.022381
0 0.009962 0.611074 0.016769 0.022381
0 0.067047 0.549168 0.019148 0.025556
0 0.127701 0.465835 0.016769 0.027141
0 0.269818 0.569804 0.015580 0.022379
0 0.371502 0.539646 0.019148 0.019206
0 0.458913 0.524565 0.015580 0.027144
0 0.549892 0.509487 0.016769 0.025556
0 0.653360 0.506312 0.016769 0.022381
0 0.742555 0.489646 0.019148 0.023969
0 0.825208 0.475359 0.013201 0.030319
0 0.889430 0.426153 0.017958 0.023969
0 0.784180 0.208693 0.016769 0.027144
0 0.098562 0.401550 0.015580 0.022381
0 0.138998 0.377740 0.013201 0.022381
0 0.052777 0.410281 0.019148 0.020794
0 0.027801 0.334090 0.016769 0.020794
0 0.072994 0.255518 0.016769 0.019206
0 0.119970 0.235677 0.017958 0.030319
