0 0.260364 0.945281 0.029731 0.049206
0 0.134300 0.915915 0.027354 0.041269
0 0.058188 0.663534 0.029731 0.047619
0 0.241930 0.511154 0.033299 0.079366
0 0.468487 0.397661 0.027352 0.084128
0 0.700395 0.456392 0.029733 0.039684
0 0.879381 0.644487 0.033299 0.044444
0 0.871056 0.388137 0.028544 0.039681
0 0.771752 0.152423 0.032110 0.034922
0 0.432808 0.208771 0.024975 0.042856
0 0.059376 0.415121 0.029733 0.046031
0 0.244308 0.242899 0.016650 0.019050
0 0.239551 0.212741 0.014273 0.019047
0 0.525571 0.074645 0.022597 0.038097
0 0.560061 0.027026 0.013083 0.022222
0 0.580873 0.043693 0.011894 0.020637
0 0.600496 0.056392 0.010705 0.023809
