0 0.167542 0.659487 0.015580 0.023969
0 0.246032 0.719804 0.020337 0.043016
0 0.436911 0.638852 0.016769 0.027144
0 0.527295 0.594407 0.014390 0.020791
0 0.602220 0.492820 0.014390 0.030316
0 0.784775 0.153932 0.015580 0.044603
0 0.670604 0.163454 0.015580 0.041428
0 0.495780 0.846787 0.013201 0.020794
0 0.420856 0.880915 0.013201 0.025556
0 0.342364 0.912662 0.015580 0.022381
0 0.275765 0.916629 0.017958 0.027141
0 0.156242 0.920598 0.016769 0.022379
0 0.116402 0.965837 0.017958 0.023969
0 0.092023 0.942820 0.014390 0.028729
0 0.039693 0.975359 0.012011 0.023969
0 0.017098 0.937265 0.016769 0.023969
0 0.012341 0.896788 0.016769 0.025554
0 0.084886 0.804724 0.019148 0.025556
0 0.032559 0.705513 0.023905 0.039833
0 0.094400 0.675359 0.016769 0.023969
0 0.570110 0.039645 0.016769 0.031903
0 0.393503 0.019010 0.017956 0.028729
