0 0.535085 0.791312 0.032110 0.033332
0 0.747966 0.571470 0.022595 0.031747
0 0.846080 0.465915 0.026165 0.036507
0 0.906139 0.315915 0.024975 0.041269
0 0.229442 0.850042 0.024975 0.033334
0 0.958468 0.165121 0.029731 0.041269
0 0.112894 0.615121 0.029731 0.030157
0 0.180088 0.494486 0.016650 0.020634
0 0.213982 0.373057 0.015460 0.025397
0 0.213387 0.210360 0.021407 0.030159
0 0.124787 0.867503 0.022597 0.023812
0 0.215171 0.057979 0.027354 0.036509
0 0.139652 0.277820 0.026165 0.031747
0 0.166411 0.373057 0.024973 0.025397
0 0.024293 0.297661 0.019028 0.020634
0 0.067702 0.307979 0.024975 0.028572
0 0.003227 0.307185 0.006455 0.023809
0 0.006795 0.340518 0.013589 0.020637
0 0.023044 0.377026 0.016769 0.023809
0 0.007984 0.373057 0.015968 0.028572
0 0.179434 0.739726 0.017958 0.022222
0 0.247281 0.972264 0.022597 0.030159
0 0.436971 0.895279 0.028544 0.028572
0 0.208631 0.700835 0.030920 0.039684
