0 0.298420 0.234963 0.017839 0.022222
0 0.517842 0.831788 0.016650 0.025397
0 0.322800 0.836551 0.019028 0.025397
0 0.237768 0.699248 0.020218 0.030159
0 0.598652 0.946788 0.019146 0.027141
0 0.407775 0.558693 0.017958 0.025556
0 0.284684 0.343613 0.014390 0.027141
0 0.158027 0.470598 0.022716 0.023966
0 0.583192 0.260281 0.026282 0.035081
0 0.724716 0.045995 0.021527 0.035078
0 0.594491 0.725360 0.015580 0.044603
0 0.784179 0.784089 0.021525 0.041428
0 0.944136 0.646788 0.027473 0.033491
0 0.030180 0.953931 0.014390 0.016031
0 0.955435 0.065123 0.016767 0.022222
0 0.869807 0.246788 0.016769 0.027141
