0 0.162188 0.857106 0.033419 0.038256
0 0.505295 0.875360 0.025093 0.039841
0 0.313821 0.835677 0.025093 0.033493
0 0.768719 0.796788 0.023903 0.038253
0 0.921541 0.874566 0.027472 0.041428
0 0.747312 0.516629 0.023903 0.033491
0 0.632546 0.546788 0.029850 0.033491
0 0.615302 0.384090 0.026282 0.038256
0 0.763366 0.072185 0.029850 0.039841
0 0.725904 0.345995 0.023903 0.035078
0 0.455345 0.113456 0.017958 0.023969
0 0.432749 0.124565 0.020335 0.020794
0 0.224626 0.309487 0.025093 0.028731
0 0.099753 0.524566 0.029850 0.033491
0 0.266846 0.591232 0.026282 0.036666
0 0.348905 0.062661 0.023905 0.036666
