0 0.381670 0.609566 0.017839 0.025397
0 0.454215 0.933376 0.020218 0.025397
0 0.516058 0.905598 0.017839 0.023809
0 0.543411 0.941312 0.013083 0.028569
0 0.606442 0.985757 0.020218 0.015872
0 0.646878 0.952423 0.020218 0.031747
0 0.691475 0.980995 0.014273 0.022222
0 0.746777 0.964329 0.015462 0.023809
0 0.784833 0.985757 0.015462 0.015872
0 0.806240 0.961154 0.015460 0.020634
0 0.850838 0.948454 0.014271 0.020634
0 0.862730 0.977026 0.014271 0.020634
0 0.934682 0.969090 0.013083 0.017462
0 0.922789 0.944487 0.017839 0.019050
0 0.976306 0.940518 0.015460 0.020637
0 0.492866 0.761154 0.016650 0.023809
0 0.567196 0.680201 0.015460 0.023809
0 0.563628 0.587345 0.017839 0.022222
0 0.130732 0.734170 0.017839 0.026984
0 0.017157 0.969882 0.016652 0.028572
0 0.042726 0.878613 0.022597 0.026984
0 0.100406 0.574645 0.016650 0.025397
0 0.169384 0.509565 0.026163 0.044444
0 0.983442 0.591312 0.017839 0.033332
0 0.862730 0.510360 0.019028 0.026984
0 0.803267 0.511154 0.016652 0.034922
0 0.753317 0.424645 0.019028 0.023809
0 0.579089 0.450835 0.020216 0.038097
0 0.646283 0.401629 0.014271 0.022222
0 0.537465 0.384170 0.015460 0.022222
0 0.549357 0.209566 0.015460 0.028572
0 0.660554 0.233376 0.014271 0.019047
0 0.766400 0.250042 0.016652 0.026984
0 0.233605 0.617501 0.019028 0.025397
