0 0.769313 0.897582 0.039366 0.030316
0 0.736014 0.615837 0.027472 0.025556
0 0.782395 0.328534 0.029850 0.035081
0 0.896565 0.095201 0.020335 0.031903
0 0.653359 0.795201 0.021525 0.025554
0 0.624222 0.667424 0.017958 0.020794
0 0.538595 0.674565 0.015580 0.028731
0 0.325119 0.862662 0.019148 0.023969
0 0.441669 0.828534 0.019148 0.025556
0 0.216896 0.892820 0.019148 0.030316
0 0.215706 0.702343 0.021527 0.030319
0 0.188352 0.569010 0.016769 0.027141
0 0.165758 0.435677 0.016769 0.023969
0 0.089643 0.281709 0.031040 0.023969
0 0.188353 0.115837 0.031040 0.025556
0 0.664062 0.045201 0.021527 0.030316
