0 0.938249 0.692106 0.020218 0.034919
0 0.791969 0.380201 0.015460 0.023809
0 0.685529 0.373057 0.016650 0.031747
0 0.579683 0.199248 0.016650 0.023809
0 0.689691 0.206392 0.022595 0.028572
0 0.794942 0.208773 0.021407 0.026984
0 0.755042 0.144487 0.017958 0.047619
0 0.529674 0.114328 0.014390 0.053969
0 0.320363 0.073852 0.023903 0.049206
0 0.374533 0.151629 0.020218 0.026984
0 0.453620 0.136551 0.019028 0.028572
0 0.744399 0.035757 0.022597 0.033334
0 0.895376 0.015123 0.025093 0.026984
0 0.240741 0.085757 0.026163 0.034922
0 0.142031 0.098454 0.014271 0.022222
0 0.137809 0.025360 0.025095 0.044603
0 0.076562 0.060279 0.026282 0.038253
0 0.021259 0.076946 0.020337 0.020794
0 0.050992 0.199170 0.022716 0.033491
