0 0.221058 0.533296 0.025093 0.031906
0 0.102725 0.738057 0.028663 0.044603
0 0.269223 0.799170 0.026284 0.036666
0 0.452966 0.324565 0.013201 0.020794
0 0.431559 0.338852 0.013201 0.023969
0 0.307280 0.096788 0.019148 0.025554
0 0.745527 0.726154 0.022714 0.036666
0 0.628384 0.757106 0.023905 0.035081
0 0.614114 0.597582 0.019148 0.027141
0 0.728879 0.565043 0.015580 0.025556
0 0.709256 0.455518 0.019148 0.031906
0 0.671199 0.467423 0.016769 0.027141
0 0.767529 0.270598 0.021525 0.030316
0 0.499348 0.049170 0.027472 0.041428
0 0.344742 0.278534 0.025095 0.033493
