0 0.761643 0.715123 0.016650 0.026984
0 0.862730 0.783376 0.023786 0.030159
0 0.400103 0.802423 0.021407 0.033334
0 0.282366 0.836551 0.028542 0.028572
0 0.779482 0.965916 0.019028 0.026984
0 0.337667 0.504804 0.024973 0.031747
0 0.525571 0.516709 0.015460 0.023812
0 0.508327 0.488138 0.014271 0.026984
0 0.513084 0.425439 0.014271 0.025397
0 0.538654 0.417501 0.015460 0.025397
0 0.562439 0.372264 0.013083 0.017460
0 0.586224 0.410360 0.017839 0.026984
0 0.593361 0.446073 0.013081 0.025397
0 0.599306 0.480995 0.015460 0.022222
0 0.615362 0.484170 0.014273 0.022222
0 0.637957 0.494486 0.014271 0.023809
0 0.615956 0.442899 0.015462 0.022224
0 0.613579 0.395279 0.015460 0.022222
0 0.686719 0.402423 0.019028 0.023809
0 0.698016 0.478613 0.020218 0.026984
0 0.780077 0.458773 0.017839 0.019047
0 0.738452 0.355598 0.017839 0.022222
0 0.851433 0.455598 0.017839 0.025397
0 0.808618 0.129407 0.020218 0.026984
0 0.828241 0.034170 0.021407 0.030159
0 0.936465 0.021470 0.019028 0.023809
0 0.643904 0.023851 0.019028 0.025397
