0 0.510111 0.463534 0.024975 0.034919
0 0.057592 0.433376 0.026165 0.034922
0 0.012401 0.459566 0.019028 0.033334
0 0.145598 0.484963 0.026163 0.030159
0 0.328747 0.415915 0.021407 0.031744
0 0.433402 0.381788 0.023786 0.036509
0 0.432214 0.273059 0.028542 0.038094
0 0.504165 0.346073 0.015462 0.028572
0 0.590982 0.345281 0.022597 0.033332
0 0.680772 0.342106 0.019028 0.026982
0 0.781266 0.358773 0.020218 0.031747
0 0.865704 0.356392 0.017839 0.030159
0 0.942412 0.361154 0.023786 0.030159
0 0.982848 0.327820 0.023786 0.030159
0 0.926357 0.319089 0.020218 0.028572
0 0.846080 0.310360 0.023786 0.026984
0 0.800295 0.316709 0.020218 0.030157
0 0.521409 0.623851 0.023784 0.034922
0 0.739046 0.304804 0.021407 0.028572
0 0.634395 0.288933 0.026172 0.034924
0 0.526760 0.267503 0.024975 0.030157
0 0.497624 0.228613 0.026165 0.031747
0 0.472054 0.073057 0.022597 0.031747
0 0.194954 0.142899 0.022597 0.031744
0 0.113488 0.067503 0.021407 0.036507
0 0.014185 0.250042 0.017839 0.030159
