0 0.725905 0.046787 0.014390 0.023969
0 0.561190 0.212662 0.017956 0.022381
0 0.508267 0.178534 0.016769 0.020794
0 0.430370 0.165043 0.017956 0.022381
0 0.494591 0.207106 0.020337 0.027144
0 0.422045 0.202343 0.020337 0.020794
0 0.445831 0.101550 0.013201 0.016031
0 0.354258 0.180121 0.013201 0.020794
0 0.553460 0.585677 0.019148 0.019206
0 0.607572 0.579328 0.015580 0.022381
0 0.690227 0.619010 0.014390 0.031903
0 0.660494 0.501550 0.019148 0.019206
0 0.640277 0.418217 0.016769 0.027141
0 0.587949 0.413456 0.014390 0.023969
0 0.587354 0.492027 0.015580 0.022381
0 0.539189 0.429328 0.016769 0.030319
0 0.560596 0.339646 0.012013 0.022381
0 0.639682 0.268217 0.015580 0.022379
0 0.621248 0.217423 0.016769 0.025554
0 0.716390 0.212662 0.019148 0.022381
0 0.739581 0.242821 0.013201 0.022381
0 0.827587 0.206312 0.015580 0.025556
0 0.791314 0.178534 0.014390 0.020794
0 0.901917 0.181709 0.014390 0.023969
0 0.959597 0.178534 0.015580 0.027144
0 0.623032 0.165837 0.015580 0.023969
0 0.315011 0.216630 0.015580 0.017619
0 0.288252 0.173771 0.021527 0.023969
0 0.229383 0.215837 0.013201 0.022381
0 0.141972 0.214249 0.019148 0.019206
0 0.202030 0.165837 0.015580 0.020794
0 0.152674 0.175359 0.016769 0.017619
0 0.090239 0.166630 0.015580 0.019206
0 0.050992 0.206312 0.017958 0.022381
