0 0.060565 0.923851 0.015460 0.019047
0 0.037374 0.484170 0.016650 0.022222
0 0.091487 0.475439 0.017841 0.023809
0 0.103974 0.488138 0.019028 0.023809
0 0.105164 0.530201 0.014271 0.022222
0 0.104569 0.576232 0.013081 0.022222
0 0.130138 0.563535 0.014273 0.022222
0 0.124192 0.527026 0.014271 0.022222
0 0.120029 0.494486 0.015460 0.020634
0 0.191385 0.466709 0.015460 0.019050
0 0.173546 0.565123 0.017839 0.022222
0 0.199116 0.557979 0.016650 0.023809
0 0.297231 0.534170 0.010705 0.020634
0 0.360857 0.497661 0.019028 0.026984
0 0.444702 0.164329 0.015460 0.026984
0 0.318637 0.188932 0.017839 0.025397
0 0.423889 0.280201 0.011892 0.023809
0 0.957873 0.086550 0.033299 0.042856
0 0.803267 0.723057 0.016652 0.026984
