0 0.722397 0.892106 0.023786 0.028569
0 0.624281 0.961154 0.020218 0.030159
0 0.809154 0.821470 0.031040 0.030159
0 0.615897 0.778534 0.020335 0.033493
0 0.393502 0.668217 0.015580 0.028729
0 0.235330 0.539646 0.022716 0.028731
0 0.089644 0.570598 0.021527 0.027141
0 0.084292 0.338851 0.027473 0.033491
0 0.378101 0.136551 0.024975 0.034922
0 0.463730 0.148454 0.017839 0.023809
0 0.584440 0.218296 0.021407 0.036507
0 0.844891 0.408773 0.023786 0.030159
0 0.790779 0.592899 0.020218 0.026982
0 0.422700 0.471470 0.021407 0.031747
0 0.603469 0.542899 0.021407 0.031744
0 0.860887 0.688852 0.017956 0.025556
0 0.312633 0.784884 0.017958 0.023969
0 0.168730 0.966630 0.017956 0.022381
0 0.449458 0.906392 0.024973 0.034922
