0 0.729473 0.393613 0.021525 0.022379
0 0.639088 0.485677 0.023903 0.028731
0 0.054560 0.937265 0.017956 0.023969
0 0.898944 0.519010 0.020335 0.038253
0 0.130673 0.272978 0.017956 0.022381
0 0.694984 0.914249 0.023903 0.022381
0 0.492807 0.972978 0.019148 0.022381
0 0.530269 0.854724 0.020337 0.020794
0 0.644439 0.833296 0.017958 0.028731
0 0.439290 0.845201 0.019148 0.023966
0 0.350095 0.802343 0.019148 0.027144
0 0.313822 0.769010 0.022716 0.030316
0 0.275765 0.848376 0.015580 0.030316
0 0.275765 0.835677 0.022716 0.023969
0 0.819858 0.611868 0.019148 0.020794
0 0.331661 0.866630 0.015580 0.022381
0 0.169920 0.672979 0.029850 0.031903
0 0.321551 0.553137 0.019148 0.036668
0 0.529080 0.389645 0.025093 0.033491
0 0.667035 0.259487 0.029850 0.027144
0 0.808560 0.071392 0.029850 0.028729
0 0.958407 0.619804 0.020337 0.027141
0 0.136619 0.338852 0.017958 0.020794
0 0.837697 0.408693 0.019148 0.023969
