0 0.772881 0.945995 0.017958 0.028729
0 0.872780 0.919010 0.015580 0.025554
0 0.887051 0.846787 0.020337 0.023969
0 0.819263 0.746788 0.015580 0.027141
0 0.988140 0.940439 0.020337 0.033491
0 0.761583 0.723773 0.023905 0.031903
0 0.915000 0.542026 0.019148 0.030316
0 0.628979 0.928534 0.025095 0.031906
0 0.746717 0.474565 0.020335 0.028731
0 0.557623 0.585677 0.017958 0.019206
0 0.399449 0.628534 0.020337 0.025556
0 0.133052 0.926946 0.022714 0.025556
0 0.046830 0.953931 0.016769 0.022381
0 0.207382 0.620598 0.019146 0.025554
0 0.090239 0.332503 0.017958 0.027144
0 0.520161 0.111074 0.019148 0.019206
0 0.687254 0.049962 0.022716 0.027144
