0 0.931055 0.981709 0.015580 0.023969
0 0.991959 0.943613 0.016081 0.027141
0 0.898349 0.822979 0.019146 0.043016
0 0.970896 0.753931 0.019148 0.031906
0 0.821642 0.769804 0.015580 0.022379
0 0.747906 0.792026 0.017956 0.025554
0 0.692605 0.828535 0.014392 0.038253
0 0.646223 0.764249 0.016769 0.027144
0 0.571299 0.759487 0.016769 0.027144
0 0.485671 0.764248 0.021525 0.055715
0 0.606977 0.606312 0.016769 0.028731
0 0.577246 0.542026 0.016769 0.030316
0 0.495186 0.692820 0.019148 0.027141
0 0.389936 0.680915 0.020337 0.025556
0 0.292415 0.661073 0.025095 0.043016
0 0.247816 0.567423 0.019148 0.027141
0 0.172297 0.571392 0.017958 0.025554
0 0.085481 0.566629 0.020337 0.041428
0 0.056344 0.476946 0.016767 0.027144
