0 0.936406 0.800756 0.019146 0.027144
0 0.810937 0.926948 0.025095 0.038253
0 0.834129 0.741234 0.016769 0.022381
0 0.822237 0.617424 0.016769 0.022381
0 0.792504 0.541232 0.016769 0.028729
0 0.755636 0.623771 0.016769 0.022381
0 0.714606 0.605518 0.015580 0.020794
0 0.713418 0.693613 0.022714 0.035078
0 0.601031 0.442026 0.023903 0.027141
0 0.450588 0.211074 0.025093 0.028731
0 0.799045 0.169804 0.017958 0.035078
0 0.629574 0.210281 0.019148 0.030319
0 0.359014 0.545201 0.022714 0.033491
0 0.273386 0.599962 0.020337 0.028731
0 0.186569 0.562662 0.022714 0.023969
0 0.145540 0.526153 0.016769 0.023969
0 0.079534 0.477740 0.020337 0.022381
0 0.261493 0.257106 0.017956 0.025556
0 0.100347 0.171392 0.021527 0.028729
0 0.884078 0.561868 0.019148 0.025556
0 0.934028 0.554724 0.016769 0.020794
