0 0.461886 0.653137 0.026284 0.027144
0 0.605193 0.604726 0.025095 0.044603
0 0.625411 0.725360 0.022716 0.031903
0 0.731257 0.768217 0.020335 0.035078
0 0.790720 0.747582 0.020337 0.031903
0 0.787152 0.849170 0.020335 0.031903
0 0.846616 0.823773 0.020337 0.031903
0 0.781801 0.560281 0.023905 0.038256
0 0.910242 0.512661 0.023905 0.035078
0 0.127700 0.153138 0.028661 0.049366
0 0.379827 0.065042 0.028661 0.044603
0 0.736608 0.063454 0.019148 0.047778
0 0.904890 0.061073 0.022716 0.043016
0 0.209759 0.853931 0.021527 0.031906
0 0.175271 0.735677 0.021527 0.030319
0 0.317984 0.695995 0.023903 0.033491
