0 0.749690 0.953137 0.021525 0.027144
0 0.869807 0.722184 0.026284 0.022381
0 0.797321 0.506392 0.019028 0.028572
0 0.118840 0.819882 0.013081 0.020634
0 0.163438 0.811154 0.014271 0.015872
0 0.354911 0.269884 0.023784 0.034919
0 0.291880 0.309566 0.016650 0.022222
0 0.892997 0.885677 0.027472 0.028731
0 0.087325 0.270676 0.014271 0.023809
0 0.099217 0.280201 0.014271 0.023809
0 0.100406 0.323057 0.016650 0.020634
0 0.098622 0.369882 0.017839 0.022222
0 0.117056 0.287345 0.014271 0.022222
0 0.121219 0.319089 0.017839 0.022222
0 0.125976 0.353217 0.020218 0.023809
0 0.188412 0.257979 0.014271 0.020634
0 0.168789 0.356392 0.015460 0.020634
0 0.192575 0.344486 0.017839 0.022222
0 0.030240 0.350835 0.019028 0.022222
