0 0.888241 0.985677 0.017958 0.022381
0 0.931650 0.930915 0.012011 0.030319
0 0.862671 0.964249 0.012013 0.023969
0 0.869212 0.884884 0.015580 0.027144
0 0.927487 0.836471 0.013201 0.025556
0 0.835318 0.629328 0.014390 0.017619
0 0.787746 0.903931 0.014390 0.023969
0 0.703903 0.924565 0.015580 0.017619
0 0.658116 0.973771 0.014390 0.020794
0 0.590922 0.973771 0.010822 0.020794
0 0.604598 0.930915 0.016769 0.027144
0 0.543945 0.988852 0.014390 0.016031
0 0.513619 0.942821 0.015580 0.019206
0 0.429181 0.957899 0.017956 0.020794
0 0.129484 0.952343 0.020335 0.022381
0 0.056938 0.983296 0.020335 0.027144
0 0.187164 0.880121 0.019146 0.020794
0 0.194299 0.799962 0.016769 0.025556
0 0.153864 0.819010 0.016769 0.022379
0 0.107483 0.824565 0.016769 0.020794
0 0.141972 0.745200 0.019148 0.020794
0 0.077155 0.749168 0.020337 0.022381
0 0.165758 0.651550 0.016769 0.023969
0 0.116996 0.668218 0.019148 0.022381
