0 0.868677 0.583376 0.023786 0.030159
0 0.633796 0.596072 0.022597 0.033327
0 0.464919 0.624645 0.015462 0.036509
0 0.259769 0.706392 0.019027 0.031747
0 0.066512 0.661154 0.022597 0.036509
0 0.354315 0.383376 0.020218 0.033334
0 0.918626 0.348454 0.019028 0.026984
0 0.935871 0.400835 0.015462 0.026984
0 0.992362 0.358773 0.014273 0.025397
0 0.953709 0.304010 0.017839 0.023809
0 0.858569 0.258773 0.020218 0.028572
0 0.853812 0.112741 0.015460 0.031747
0 0.783645 0.191312 0.020218 0.026982
0 0.678988 0.137343 0.022597 0.036507
0 0.659959 0.031788 0.017839 0.031747
0 0.444702 0.216709 0.022597 0.026982
0 0.336476 0.250042 0.020218 0.030159
0 0.318637 0.118296 0.020218 0.030157
