0 0.862671 0.661868 0.026282 0.031906
0 0.945326 0.599963 0.027473 0.031903
0 0.892403 0.269804 0.026284 0.031903
0 0.674171 0.214248 0.020335 0.035078
0 0.430370 0.223773 0.015578 0.038253
0 0.235924 0.199962 0.019148 0.025556
0 0.018881 0.458693 0.015580 0.035081
0 0.029585 0.623773 0.017958 0.038253
0 0.122943 0.609487 0.016769 0.022381
0 0.451777 0.407106 0.020335 0.027144
0 0.623032 0.465042 0.020337 0.031903
0 0.697362 0.401550 0.023905 0.028731
0 0.863860 0.024565 0.019148 0.030319
0 0.897755 0.184884 0.020335 0.030319
0 0.511835 0.152343 0.021527 0.025556
0 0.464859 0.014307 0.025093 0.028615
0 0.372097 0.146788 0.017958 0.027141
0 0.121754 0.089645 0.019148 0.030316
0 0.062290 0.184884 0.019148 0.023969
0 0.071805 0.265837 0.019148 0.023969
0 0.060506 0.390439 0.022716 0.038253
