0 0.738392 0.926948 0.020337 0.035078
0 0.724121 0.769010 0.022716 0.033491
0 0.611735 0.809487 0.019148 0.031906
0 0.112834 0.942820 0.027472 0.041428
0 0.223437 0.753138 0.029850 0.046191
0 0.499348 0.272979 0.027472 0.038253
0 0.612330 0.108693 0.032233 0.043018
0 0.084292 0.389646 0.022716 0.027144
0 0.042072 0.324565 0.019148 0.027144
0 0.451777 0.542821 0.013201 0.019206
0 0.429181 0.554724 0.017956 0.017619
0 0.668225 0.680915 0.015580 0.022381
0 0.707472 0.669804 0.017958 0.025554
0 0.769907 0.488851 0.014390 0.031903
0 0.760394 0.477740 0.014390 0.028731
0 0.551676 0.088057 0.020337 0.033491
