0 0.609951 0.964249 0.017958 0.030319
0 0.776449 0.228534 0.022716 0.035081
0 0.427992 0.979328 0.013201 0.022381
0 0.369718 0.966630 0.013201 0.022381
0 0.256142 0.964249 0.016769 0.020794
0 0.240087 0.946787 0.015580 0.020794
0 0.288847 0.905518 0.015580 0.020794
0 0.320362 0.846787 0.014390 0.023969
0 0.291820 0.818218 0.014390 0.020794
0 0.364366 0.849168 0.014390 0.022381
0 0.368528 0.741234 0.015580 0.022381
0 0.403612 0.724565 0.021527 0.023969
0 0.388746 0.631709 0.010822 0.022381
0 0.428587 0.600756 0.012011 0.020794
0 0.453561 0.485677 0.014390 0.022381
0 0.485672 0.402343 0.016769 0.023969
0 0.508862 0.294407 0.013201 0.020791
0 0.530269 0.192820 0.015580 0.027141
0 0.268034 0.638059 0.014390 0.022381
0 0.033747 0.809489 0.023903 0.041436
0 0.006989 0.755518 0.013201 0.019206
0 0.076561 0.715837 0.019148 0.022381
0 0.119970 0.637265 0.017958 0.027144
0 0.165757 0.619804 0.033419 0.039841
0 0.188947 0.539646 0.015580 0.025556
0 0.220464 0.438059 0.019148 0.025556
0 0.295391 0.370602 0.023911 0.027133
0 0.359013 0.130915 0.017958 0.023969
