0 0.078345 0.111154 0.022716 0.025397
0 0.183001 0.657185 0.025093 0.028572
0 0.910242 0.500835 0.026284 0.039684
0 0.213328 0.865915 0.026284 0.036507
0 0.183596 0.900835 0.021525 0.026984
0 0.116996 0.774645 0.021527 0.025397
0 0.219869 0.545281 0.020337 0.033332
0 0.167541 0.534963 0.025093 0.028572
0 0.092616 0.540518 0.020335 0.030157
0 0.041477 0.550042 0.017958 0.030159
0 0.022449 0.531788 0.020337 0.031747
0 0.008579 0.523851 0.017157 0.031747
0 0.006795 0.494486 0.013589 0.023809
0 0.027266 0.454010 0.029733 0.028572
0 0.024233 0.496867 0.021527 0.034922
0 0.142566 0.431788 0.020337 0.031747
0 0.216896 0.382582 0.021527 0.031747
0 0.212138 0.218296 0.016769 0.030157
0 0.246033 0.127026 0.022714 0.038097
0 0.750880 0.755598 0.026282 0.044446
0 0.528486 0.970677 0.031040 0.046031
0 0.848401 0.655598 0.031040 0.044446
0 0.068890 0.469884 0.027352 0.031744
0 0.970300 0.345281 0.027472 0.036507
0 0.480319 0.130995 0.029850 0.033334
0 0.375664 0.104804 0.027472 0.041271
