0 0.978685 0.811154 0.017839 0.019047
0 0.972738 0.970676 0.020218 0.023809
0 0.265120 0.768295 0.015460 0.025397
0 0.089704 0.622264 0.019028 0.022222
0 0.172357 0.551629 0.015460 0.023809
0 0.291285 0.450042 0.022597 0.026984
0 0.252634 0.361948 0.019028 0.028572
0 0.343613 0.416709 0.015460 0.020637
0 0.370371 0.836551 0.023784 0.031747
0 0.501191 0.612741 0.023784 0.025397
0 0.620119 0.365121 0.028542 0.031744
0 0.764021 0.123057 0.026163 0.036509
0 0.566007 0.801629 0.022597 0.028572
0 0.614173 0.916709 0.016650 0.020637
0 0.659959 0.904804 0.022597 0.019047
0 0.721207 0.904804 0.014271 0.022222
0 0.774130 0.890519 0.015460 0.022222
0 0.871651 0.854010 0.017839 0.022222
0 0.927546 0.834170 0.013081 0.020634
0 0.215766 0.296867 0.021407 0.028572
0 0.104569 0.392106 0.020218 0.022224
0 0.407834 0.128613 0.015460 0.028572
0 0.158681 0.202423 0.021407 0.026984
0 0.081378 0.163534 0.021407 0.031744
