0 0.167600 0.758773 0.027352 0.028572
0 0.184250 0.658773 0.024973 0.038097
0 0.249065 0.556392 0.021407 0.030159
0 0.630228 0.855598 0.022597 0.038097
0 0.566007 0.700835 0.022597 0.036509
0 0.492866 0.436551 0.021407 0.031747
0 0.538653 0.486550 0.024973 0.036507
0 0.625471 0.268296 0.022597 0.034919
0 0.545194 0.119884 0.023786 0.042856
0 0.260958 0.378613 0.023784 0.036509
0 0.188412 0.067503 0.023786 0.033332
0 0.694448 0.985736 0.024975 0.028529
0 0.973333 0.607185 0.026163 0.030159
0 0.864455 0.538852 0.020337 0.027144
0 0.265120 0.245279 0.022597 0.026984
