0 0.596275 0.982503 0.016769 0.025556
0 0.649197 0.919010 0.017958 0.022379
0 0.542757 0.985656 0.023903 0.028688
0 0.576652 0.908693 0.017958 0.027144
0 0.629574 0.841232 0.023905 0.031903
0 0.579624 0.839646 0.016767 0.022381
0 0.532053 0.853137 0.014390 0.020794
0 0.555839 0.767424 0.016769 0.023969
0 0.633737 0.695995 0.017958 0.023966
0 0.731850 0.669804 0.016769 0.022379
0 0.708066 0.644407 0.016769 0.019209
0 0.615303 0.653137 0.014390 0.020794
0 0.618275 0.604724 0.015580 0.019206
0 0.821642 0.632503 0.015580 0.017619
0 0.785964 0.610281 0.015580 0.017619
0 0.953652 0.589646 0.015580 0.017619
0 0.903702 0.383296 0.025093 0.036668
0 0.973868 0.323771 0.017956 0.019206
0 0.821642 0.326153 0.017958 0.023969
0 0.749690 0.341232 0.019146 0.028729
0 0.689633 0.362661 0.017958 0.036666
0 0.645629 0.309487 0.017958 0.022381
0 0.603409 0.145201 0.019148 0.030316
0 0.568920 0.301550 0.016769 0.025556
0 0.725311 0.480121 0.017958 0.023969
0 0.505295 0.457899 0.020335 0.023969
0 0.556434 0.649962 0.015580 0.023969
0 0.491023 0.639646 0.015580 0.022381
0 0.504105 0.617423 0.017956 0.025554
0 0.422640 0.602343 0.014390 0.023969
0 0.418477 0.634884 0.015580 0.025556
0 0.350689 0.616629 0.017958 0.027141
0 0.310848 0.644407 0.016769 0.025554
0 0.281710 0.607106 0.015580 0.023969
0 0.225220 0.639646 0.014390 0.022381
0 0.194894 0.595200 0.015580 0.019206
0 0.148513 0.605518 0.015580 0.017619
0 0.135430 0.636471 0.013201 0.025556
0 0.081318 0.589646 0.016769 0.017619
0 0.043856 0.615043 0.015580 0.017619
0 0.491023 0.230915 0.020337 0.033493
0 0.386962 0.219804 0.014390 0.027141
0 0.290631 0.191232 0.021527 0.033491
0 0.247222 0.105518 0.015580 0.020794
0 0.170514 0.115837 0.021525 0.025556
0 0.091427 0.103931 0.025093 0.030319
