0 0.164032 0.536551 0.024973 0.031747
0 0.251444 0.325439 0.021407 0.034922
0 0.265120 0.155598 0.022597 0.034922
0 0.184250 0.415121 0.029731 0.039681
0 0.269283 0.036551 0.019028 0.028572
0 0.492866 0.209566 0.019028 0.031747
0 0.538060 0.259566 0.019028 0.033334
0 0.708721 0.176232 0.017839 0.034922
0 0.558871 0.785757 0.032110 0.034922
0 0.309124 0.765916 0.024975 0.026984
0 0.109326 0.779407 0.027352 0.028572
0 0.699205 0.768296 0.024975 0.031744
0 0.953710 0.842899 0.024973 0.028569
0 0.974523 0.393693 0.026163 0.034919
0 0.797321 0.692899 0.028544 0.033332
0 0.567196 0.466709 0.024975 0.034919
0 0.633201 0.625439 0.023784 0.034922
0 0.379291 0.571471 0.032112 0.038094
0 0.621902 0.059566 0.022597 0.033334
0 0.772346 0.896073 0.023786 0.030159
