0 0.097968 0.944407 0.014390 0.022379
0 0.066453 0.911074 0.015580 0.022381
0 0.022449 0.917424 0.015580 0.019206
0 0.054561 0.869804 0.015580 0.022379
0 0.143756 0.885677 0.017958 0.022381
0 0.173487 0.901550 0.017958 0.025556
0 0.203220 0.832503 0.013201 0.020794
0 0.113428 0.734884 0.014390 0.022381
0 0.037315 0.647582 0.016767 0.038253
0 0.007389 0.601550 0.014778 0.031906
0 0.098563 0.599168 0.017958 0.023969
0 0.166351 0.557106 0.020335 0.028731
0 0.251384 0.584090 0.019148 0.038256
0 0.422640 0.442026 0.014390 0.027141
0 0.319767 0.786471 0.015580 0.023969
0 0.386367 0.756312 0.015580 0.027144
0 0.455939 0.696788 0.014390 0.025554
0 0.523729 0.634884 0.014390 0.025556
0 0.706877 0.611074 0.021527 0.031906
0 0.503510 0.369010 0.019146 0.027141
0 0.555839 0.249962 0.019148 0.030319
