0 0.730126 0.988138 0.017839 0.017460
0 0.752723 0.988138 0.015460 0.017460
0 0.968577 0.684170 0.021407 0.031747
0 0.987010 0.953217 0.020218 0.036509
0 0.506543 0.654010 0.022597 0.038097
0 0.604063 0.463534 0.029733 0.044444
0 0.463730 0.359566 0.022597 0.033334
0 0.897220 0.407979 0.016652 0.028572
0 0.952521 0.123057 0.024973 0.033334
0 0.834783 0.014307 0.022597 0.028615
0 0.614172 0.073057 0.023784 0.034922
0 0.629634 0.180201 0.019028 0.030159
0 0.264526 0.465121 0.023786 0.031744
0 0.173546 0.575439 0.017839 0.033334
0 0.508327 0.974645 0.028544 0.038097
0 0.834783 0.958773 0.022597 0.031747
