0 0.790185 0.841312 0.021407 0.031744
0 0.919815 0.835757 0.019028 0.023809
0 0.888300 0.977026 0.017839 0.033334
0 0.287122 0.698454 0.021407 0.034922
0 0.448863 0.530201 0.019028 0.034922
0 0.757480 0.577820 0.017839 0.034922
0 0.951331 0.380201 0.032110 0.068253
0 0.742019 0.317503 0.029731 0.041269
0 0.366150 0.390439 0.017958 0.031903
0 0.181218 0.434884 0.019148 0.028731
0 0.113428 0.229328 0.016769 0.030319
0 0.652824 0.070676 0.015462 0.023809
0 0.689097 0.179407 0.014273 0.022222
0 0.726560 0.222264 0.017839 0.025397
0 0.433997 0.883376 0.017839 0.036509
0 0.111110 0.559565 0.023784 0.042856
0 0.551141 0.742106 0.021407 0.033332
