0 0.565412 0.084962 0.014271 0.046031
0 0.651575 0.819010 0.029850 0.038253
0 0.800829 0.585677 0.023903 0.035081
0 0.943542 0.293613 0.019148 0.025554
0 0.762773 0.133376 0.019148 0.041271
0 0.810402 0.041312 0.019028 0.028569
0 0.393562 0.233376 0.022597 0.038097
0 0.240741 0.408773 0.023784 0.030159
0 0.104569 0.589726 0.027354 0.026984
0 0.181872 0.619882 0.017839 0.023809
0 0.242525 0.725439 0.015462 0.025397
0 0.475622 0.644486 0.020218 0.028572
0 0.376912 0.848454 0.013081 0.023809
0 0.322800 0.866709 0.016650 0.022224
0 0.285338 0.777026 0.017839 0.026984
0 0.135490 0.813535 0.017839 0.023809
0 0.109920 0.358773 0.021405 0.025397
0 0.975116 0.043693 0.015460 0.033332
