0 0.232951 0.986551 0.017958 0.020634
0 0.140188 0.984963 0.017958 0.020634
0 0.055155 0.980201 0.014390 0.026984
0 0.097373 0.937345 0.020337 0.026984
0 0.169325 0.924645 0.019146 0.026984
0 0.246032 0.910360 0.017958 0.020634
0 0.319173 0.959566 0.021525 0.030159
0 0.302523 0.864329 0.019148 0.030159
0 0.396535 0.811074 0.019028 0.031906
0 0.223495 0.803931 0.020218 0.033493
0 0.189542 0.655598 0.019148 0.028572
0 0.571299 0.696073 0.019148 0.026984
0 0.671199 0.726232 0.014390 0.026984
0 0.740176 0.894487 0.023905 0.030157
0 0.773475 0.754010 0.021527 0.031747
0 0.469022 0.306392 0.021525 0.028572
0 0.117056 0.272264 0.019028 0.033334
