0 0.466108 0.830995 0.020216 0.030159
0 0.340639 0.854804 0.021407 0.026984
0 0.256796 0.888932 0.013081 0.022222
0 0.017751 0.855598 0.017839 0.028572
0 0.191980 0.599248 0.019028 0.033334
0 0.178304 0.497661 0.017839 0.030159
0 0.272851 0.557979 0.028544 0.030159
0 0.380480 0.530995 0.017839 0.026984
0 0.408428 0.665915 0.014273 0.030157
0 0.442323 0.633376 0.020218 0.022222
0 0.527950 0.381788 0.015460 0.039684
0 0.369182 0.341312 0.011894 0.031744
0 0.984037 0.730995 0.023786 0.036509
0 0.964414 0.556392 0.024975 0.036509
0 0.225279 0.148454 0.016650 0.023809
0 0.021914 0.338138 0.016650 0.022222
0 0.012401 0.233376 0.016650 0.025397
0 0.350154 0.251629 0.016650 0.023809
0 0.337071 0.136551 0.014271 0.025397
0 0.332315 0.119089 0.019028 0.022222
