0 0.357884 0.727026 0.022597 0.031747
0 0.545194 0.727026 0.016650 0.025397
0 0.526760 0.697661 0.015460 0.023809
0 0.530923 0.637345 0.016650 0.023809
0 0.556493 0.625439 0.015460 0.019047
0 0.618929 0.690519 0.014271 0.025397
0 0.635580 0.695279 0.016652 0.022222
0 0.633795 0.652423 0.013083 0.022222
0 0.611795 0.654804 0.014271 0.023809
0 0.605848 0.622264 0.014271 0.022222
0 0.631418 0.602423 0.013081 0.020634
0 0.702179 0.615915 0.019028 0.022224
0 0.716450 0.684170 0.019028 0.028572
0 0.795537 0.661154 0.017839 0.020634
0 0.758670 0.562741 0.017839 0.020634
0 0.866893 0.664329 0.020218 0.023809
0 0.774724 0.916709 0.019028 0.026982
0 0.872245 0.969090 0.026165 0.030157
0 0.830620 0.331788 0.023786 0.034922
0 0.851433 0.232582 0.022597 0.026984
0 0.963819 0.207185 0.019028 0.030159
0 0.664717 0.230201 0.020218 0.022222
0 0.576116 0.146073 0.021407 0.019047
0 0.527355 0.162741 0.019028 0.023809
0 0.173546 0.038931 0.017839 0.036507
