0 0.231226 0.774645 0.026165 0.031747
0 0.337072 0.803217 0.026163 0.034922
0 0.467892 0.786551 0.026163 0.030159
0 0.783644 0.885757 0.015462 0.019047
0 0.738452 0.896073 0.013081 0.017460
0 0.830026 0.823851 0.013081 0.019047
0 0.826457 0.788138 0.010703 0.020634
0 0.664122 0.807979 0.021407 0.025397
0 0.500598 0.687345 0.020218 0.028572
0 0.551141 0.356392 0.014271 0.023809
0 0.585035 0.463535 0.017839 0.028572
0 0.486325 0.348454 0.020218 0.033334
0 0.634391 0.345279 0.019028 0.030159
0 0.696827 0.337345 0.017839 0.026984
0 0.714071 0.439726 0.016650 0.022222
0 0.744399 0.424645 0.015460 0.026984
0 0.789590 0.429407 0.020218 0.023809
0 0.815160 0.420676 0.016650 0.028572
0 0.824079 0.361154 0.015460 0.023809
0 0.808024 0.330995 0.021407 0.026984
0 0.989640 0.365123 0.020720 0.025397
0 0.943601 0.079407 0.021407 0.022222
0 0.595145 0.098454 0.019028 0.022222
0 0.491677 0.021470 0.023786 0.030159
