0 0.875218 0.870677 0.032110 0.036507
0 0.705152 0.694487 0.027354 0.039681
0 0.475028 0.645282 0.028542 0.077773
0 0.247282 0.745279 0.034489 0.080953
0 0.064728 0.642899 0.026165 0.044444
0 0.435781 0.454010 0.023786 0.053966
0 0.245497 0.465121 0.014271 0.019050
0 0.240741 0.432582 0.016652 0.023809
0 0.871651 0.621471 0.027354 0.039681
0 0.772940 0.389724 0.022597 0.033332
0 0.974522 0.291312 0.023786 0.033332
0 0.750345 0.153217 0.029731 0.033334
0 0.529734 0.299248 0.019028 0.030159
0 0.605848 0.280995 0.011892 0.019047
0 0.585630 0.267503 0.019028 0.017462
0 0.563628 0.250042 0.015460 0.023809
0 0.102785 0.527820 0.014271 0.023809
0 0.804456 0.237343 0.023784 0.036507
