0 0.138404 0.804724 0.033419 0.025556
0 0.040884 0.559487 0.031040 0.027144
0 0.065858 0.476946 0.019148 0.023969
0 0.102725 0.497581 0.019148 0.020794
0 0.163973 0.492027 0.020337 0.022381
0 0.136619 0.415835 0.015580 0.028729
0 0.166352 0.703931 0.015580 0.017619
0 0.295388 0.692027 0.016769 0.022381
0 0.438100 0.676153 0.019148 0.022381
0 0.574867 0.652343 0.019148 0.025556
0 0.887051 0.615835 0.017958 0.028729
0 0.738987 0.510281 0.016769 0.020794
0 0.645629 0.449962 0.020337 0.023969
0 0.661684 0.336471 0.019148 0.025556
0 0.594491 0.351550 0.017958 0.020794
0 0.527295 0.360281 0.019148 0.022381
0 0.479131 0.256312 0.015580 0.020794
0 0.386367 0.322184 0.020337 0.025556
0 0.165162 0.055518 0.022714 0.028731
0 0.016503 0.113456 0.022714 0.027144
