0 0.376258 0.940440 0.016769 0.023969
0 0.407180 0.922185 0.016769 0.025554
0 0.394097 0.834884 0.016769 0.028731
0 0.435722 0.806312 0.014390 0.022381
0 0.461292 0.693613 0.015580 0.025554
0 0.497564 0.609487 0.012011 0.022381
0 0.520756 0.500756 0.013201 0.023969
0 0.544540 0.394407 0.017958 0.023966
0 0.788936 0.436471 0.019148 0.028731
0 0.024233 0.935677 0.014390 0.020794
0 0.087860 0.907106 0.017958 0.020794
0 0.130080 0.833296 0.014390 0.019206
0 0.174081 0.827741 0.023905 0.036666
0 0.198462 0.742821 0.013201 0.022381
0 0.230572 0.644407 0.017958 0.025554
0 0.307875 0.585677 0.025095 0.028731
0 0.323335 0.445201 0.013201 0.027141
0 0.369718 0.330915 0.013201 0.023969
0 0.397665 0.213456 0.014390 0.020794
0 0.378042 0.082503 0.015580 0.028731
