0 0.123537 0.938852 0.029850 0.017619
0 0.210950 0.784884 0.031040 0.027144
0 0.341174 0.540440 0.020337 0.027144
0 0.282900 0.495993 0.015580 0.017619
0 0.228193 0.618218 0.013201 0.017619
0 0.061695 0.401550 0.015580 0.025556
0 0.030180 0.415043 0.019148 0.023969
0 0.640277 0.631709 0.019148 0.025556
0 0.410748 0.734884 0.016769 0.022381
0 0.187759 0.953137 0.020335 0.020794
0 0.103320 0.270598 0.017958 0.023966
0 0.087860 0.127740 0.017958 0.020794
0 0.011746 0.323771 0.013201 0.019206
0 0.458913 0.273771 0.022716 0.027144
0 0.577841 0.042821 0.015580 0.019206
0 0.840076 0.012662 0.016769 0.022381
0 0.730067 0.092820 0.017956 0.023966
0 0.784775 0.265837 0.017958 0.020794
0 0.687848 0.334090 0.021527 0.020794
0 0.962570 0.140440 0.021527 0.027144
