0 0.781801 0.795279 0.014390 0.025397
0 0.700335 0.737345 0.020337 0.030159
0 0.674766 0.552423 0.016767 0.031747
0 0.496970 0.604010 0.015580 0.026984
0 0.128295 0.519089 0.022714 0.025397
0 0.403017 0.387345 0.017958 0.025397
0 0.401233 0.242106 0.019148 0.030157
0 0.411937 0.057979 0.019146 0.030159
0 0.130079 0.134963 0.021525 0.028572
0 0.172297 0.187345 0.020337 0.028572
0 0.891809 0.157184 0.025095 0.044444
0 0.879321 0.482582 0.021525 0.028572
0 0.805586 0.388138 0.016767 0.026984
0 0.791314 0.227026 0.021527 0.025397
0 0.885862 0.011132 0.020337 0.022265
