0 0.137809 0.423771 0.017958 0.022381
0 0.083697 0.374565 0.023905 0.025556
0 0.044451 0.406312 0.019148 0.022381
0 0.545134 0.791234 0.019148 0.023969
0 0.600437 0.786471 0.020335 0.027144
0 0.582002 0.703931 0.016769 0.027144
0 0.655738 0.717423 0.016767 0.028729
0 0.636115 0.631709 0.020335 0.025556
0 0.583191 0.631709 0.019148 0.022381
0 0.535027 0.643613 0.022716 0.023966
0 0.557623 0.556312 0.015580 0.023969
0 0.637898 0.484884 0.016769 0.020794
0 0.619464 0.434884 0.015580 0.022381
0 0.621843 0.384090 0.013201 0.025556
0 0.737203 0.457899 0.017958 0.023969
0 0.711634 0.430915 0.016767 0.023969
0 0.788936 0.395995 0.019148 0.027141
0 0.825804 0.419804 0.019146 0.023966
0 0.957812 0.386471 0.016769 0.027144
0 0.900728 0.390439 0.019146 0.031903
0 0.727095 0.260281 0.019148 0.025556
0 0.598058 0.248375 0.017956 0.027144
0 0.507079 0.234090 0.021525 0.023969
0 0.903106 0.164248 0.021527 0.033491
0 0.819858 0.110281 0.019148 0.027144
0 0.749690 0.124565 0.016767 0.020794
0 0.689038 0.134884 0.021527 0.035081
0 0.646223 0.091234 0.019148 0.023969
0 0.572489 0.077740 0.016769 0.022381
0 0.494591 0.012662 0.020337 0.022381
0 0.486861 0.070598 0.016767 0.033491
0 0.560597 0.430915 0.016769 0.027144
0 0.493996 0.422184 0.019148 0.022381
0 0.505295 0.395995 0.015578 0.027141
0 0.420261 0.419804 0.019148 0.023966
0 0.426803 0.384090 0.015580 0.025556
0 0.353068 0.398375 0.017958 0.022381
0 0.312038 0.430121 0.019148 0.022381
0 0.284684 0.388852 0.019148 0.028731
0 0.226409 0.426153 0.019148 0.020794
0 0.197867 0.377740 0.014390 0.025556
0 0.147919 0.386471 0.016769 0.023969
