0 0.119375 0.892027 0.019148 0.022381
0 0.024233 0.634090 0.019148 0.023969
0 0.069426 0.460281 0.021527 0.022381
0 0.110455 0.188852 0.022714 0.025556
0 0.389340 0.551550 0.026282 0.020794
0 0.359608 0.365835 0.021527 0.027141
0 0.458318 0.789645 0.028663 0.046191
0 0.714012 0.861074 0.035797 0.033493
0 0.972679 0.938852 0.022714 0.027144
0 0.967328 0.823771 0.016769 0.022381
0 0.950678 0.738852 0.016769 0.027144
0 0.948299 0.561868 0.014390 0.019206
0 0.931055 0.436471 0.015580 0.025556
0 0.987545 0.256312 0.016769 0.023969
0 0.888241 0.165837 0.020337 0.020794
0 0.878132 0.275359 0.021525 0.027144
0 0.108671 0.738059 0.031040 0.025556
0 0.337607 0.185756 0.027472 0.038094
