0 0.515998 0.842026 0.027473 0.027141
0 0.634925 0.590439 0.036987 0.038253
0 0.775854 0.350757 0.038174 0.038253
0 0.922729 0.072979 0.017958 0.028729
0 0.799105 0.914328 0.020218 0.031744
0 0.360262 0.634170 0.015460 0.023809
0 0.305556 0.657979 0.020218 0.023809
0 0.266904 0.571470 0.019028 0.025397
0 0.458973 0.423057 0.017839 0.023809
0 0.420321 0.336551 0.019028 0.022222
0 0.228253 0.509566 0.020218 0.025397
0 0.115272 0.603217 0.022597 0.028572
0 0.166411 0.407979 0.015462 0.025397
0 0.091487 0.376232 0.029731 0.034922
0 0.230632 0.190518 0.022597 0.031744
0 0.102785 0.154804 0.016650 0.026984
0 0.379291 0.015100 0.027354 0.030200
