0 0.452372 0.892026 0.021525 0.044603
0 0.270413 0.922185 0.016769 0.025554
0 0.103915 0.830915 0.016769 0.030319
0 0.299549 0.754724 0.015580 0.036668
0 0.090833 0.614248 0.019148 0.038253
0 0.268629 0.492820 0.015580 0.036666
0 0.631358 0.867423 0.020337 0.030316
0 0.797261 0.809487 0.016769 0.022381
0 0.597463 0.425359 0.021525 0.028731
0 0.790125 0.342026 0.021527 0.030316
0 0.936406 0.320598 0.019146 0.025554
0 0.438100 0.337265 0.021527 0.030319
0 0.606384 0.173773 0.029850 0.033491
0 0.215112 0.335677 0.015580 0.023969
0 0.270413 0.185677 0.016769 0.028731
0 0.237708 0.100756 0.025095 0.030319
0 0.471400 0.033296 0.016769 0.022381
0 0.533837 0.145201 0.020337 0.030316
0 0.883483 0.084090 0.013201 0.025556
