0 0.354851 0.974565 0.021525 0.022381
0 0.546919 0.853931 0.020337 0.022381
0 0.648008 0.787265 0.017958 0.025556
0 0.942352 0.419010 0.016769 0.025554
0 0.190137 0.799170 0.027472 0.036666
0 0.332849 0.576153 0.022714 0.031906
0 0.447615 0.347582 0.019146 0.031903
0 0.573678 0.119804 0.019148 0.039841
0 0.326903 0.092026 0.032231 0.025554
0 0.155053 0.570598 0.019148 0.027141
0 0.185381 0.370597 0.013201 0.020794
0 0.102725 0.464249 0.014390 0.020794
0 0.063479 0.474565 0.014390 0.019206
0 0.945326 0.849168 0.013201 0.019206
