0 0.550487 0.929328 0.022716 0.068413
0 0.985167 0.949963 0.019148 0.046191
0 0.991365 0.826153 0.017271 0.027144
0 0.973274 0.661074 0.021525 0.030319
0 0.668225 0.472185 0.020337 0.030316
0 0.624222 0.830121 0.020337 0.028731
0 0.579029 0.679328 0.020335 0.035081
0 0.479131 0.618217 0.020337 0.030316
0 0.183001 0.925359 0.022714 0.028731
0 0.163973 0.842820 0.017958 0.028729
0 0.220464 0.740439 0.019148 0.030316
0 0.238303 0.542026 0.016769 0.030316
0 0.699146 0.334090 0.022716 0.030319
0 0.596274 0.299170 0.026282 0.030316
0 0.495780 0.268217 0.020337 0.028729
0 0.179434 0.599168 0.020337 0.027144
0 0.148512 0.568217 0.017956 0.028729
0 0.166946 0.494407 0.019146 0.027141
0 0.091428 0.514249 0.015580 0.022381
0 0.055749 0.574565 0.020335 0.028731
0 0.019475 0.538852 0.016769 0.027144
0 0.150890 0.387265 0.017958 0.031906
0 0.124727 0.240439 0.017958 0.033491
0 0.223437 0.438852 0.020335 0.027144
