0 0.332314 0.925439 0.023784 0.034922
0 0.401887 0.780995 0.022597 0.028572
0 0.511300 0.789724 0.027354 0.033332
0 0.656391 0.861948 0.022597 0.034922
0 0.968577 0.424645 0.021407 0.030159
0 0.934682 0.297661 0.022595 0.036509
0 0.901976 0.169090 0.019028 0.036507
0 0.841323 0.342899 0.019028 0.031744
0 0.808618 0.105598 0.020218 0.030159
0 0.428051 0.380995 0.020216 0.025397
0 0.354911 0.300835 0.023784 0.026984
0 0.269878 0.311154 0.017839 0.028572
0 0.274635 0.284963 0.015460 0.026984
0 0.330531 0.252423 0.015460 0.025397
0 0.399509 0.042106 0.015460 0.036507
0 0.224091 0.084170 0.023784 0.034922
0 0.051051 0.059566 0.029731 0.033334
0 0.653954 0.573771 0.025093 0.020794
