0 0.127106 0.071390 0.015580 0.022381
0 0.655143 0.870598 0.020335 0.027141
0 0.722337 0.718217 0.019148 0.036666
0 0.881105 0.761074 0.020335 0.030319
0 0.972679 0.953137 0.017956 0.033493
0 0.966138 0.718217 0.014390 0.033491
0 0.979814 0.458693 0.013201 0.022381
0 0.925108 0.348376 0.022716 0.036666
0 0.496970 0.389646 0.020337 0.020794
0 0.595680 0.350756 0.008443 0.012856
0 0.581408 0.349168 0.010824 0.025556
0 0.567136 0.322184 0.015580 0.022381
0 0.543351 0.209487 0.020335 0.025556
0 0.510646 0.279328 0.014390 0.025556
0 0.486266 0.305518 0.020335 0.020794
0 0.459508 0.339646 0.016769 0.019206
0 0.403017 0.403931 0.015580 0.014444
0 0.394692 0.387265 0.022714 0.019206
0 0.377447 0.356312 0.012011 0.017619
0 0.356634 0.326946 0.013201 0.022381
0 0.312633 0.180121 0.015580 0.027144
0 0.357230 0.522184 0.021525 0.025556
0 0.090238 0.369804 0.022714 0.022379
0 0.050991 0.546793 0.036987 0.030326
0 0.203814 0.195993 0.016769 0.017619
0 0.264466 0.233296 0.016769 0.022381
0 0.223438 0.172185 0.015580 0.027141
0 0.245437 0.139645 0.019148 0.031903
0 0.163379 0.206312 0.016769 0.031906
