0 0.111050 0.639645 0.026282 0.038253
0 0.045640 0.439645 0.021527 0.035078
0 0.149702 0.278534 0.020335 0.030319
0 0.210949 0.426946 0.023905 0.035081
0 0.325119 0.483296 0.021527 0.036668
0 0.620060 0.919804 0.021525 0.033491
0 0.690822 0.937264 0.017958 0.039841
0 0.763962 0.955518 0.021527 0.031906
0 0.825804 0.972185 0.026282 0.033491
0 0.885267 0.981709 0.019148 0.027144
0 0.872780 0.873773 0.020337 0.036666
0 0.829966 0.865042 0.020337 0.038253
0 0.791314 0.857106 0.021527 0.038256
0 0.745528 0.845201 0.017958 0.039841
0 0.703309 0.834884 0.016769 0.025556
0 0.655738 0.815835 0.016767 0.038253
0 0.763366 0.553138 0.027472 0.039841
0 0.922730 0.623773 0.032229 0.031903
0 0.597463 0.391232 0.031040 0.043016
0 0.453562 0.190439 0.023903 0.038253
0 0.405396 0.179328 0.020337 0.025556
0 0.759799 0.351550 0.041742 0.068413
0 0.793099 0.295201 0.032229 0.050953
0 0.806181 0.236471 0.032229 0.070000
0 0.827588 0.145201 0.034608 0.084285
0 0.738987 0.083295 0.019148 0.043016
0 0.626600 0.037265 0.020337 0.023969
0 0.983383 0.153138 0.025095 0.046191
0 0.188353 0.842026 0.026282 0.036666
0 0.190732 0.964248 0.026282 0.033491
