0 0.096185 0.143613 0.025093 0.027141
0 0.375663 0.819804 0.013201 0.020791
0 0.100941 0.907899 0.020337 0.022381
0 0.138998 0.982503 0.017958 0.028731
0 0.025422 0.830915 0.019148 0.030319
0 0.055749 0.687265 0.022714 0.028731
0 0.116996 0.545201 0.023905 0.030316
0 0.015908 0.508693 0.023903 0.030319
0 0.153864 0.338059 0.019148 0.028731
0 0.057533 0.343613 0.028661 0.027141
0 0.028396 0.205518 0.022716 0.030319
0 0.067642 0.098375 0.020337 0.022381
0 0.191326 0.292820 0.017958 0.023966
0 0.201436 0.255518 0.021527 0.025556
0 0.227005 0.227740 0.025093 0.023969
0 0.192515 0.165835 0.020337 0.027141
0 0.344742 0.179328 0.027473 0.028731
0 0.357230 0.068217 0.021525 0.025554
0 0.312038 0.353931 0.019148 0.025556
0 0.221059 0.489646 0.020337 0.023969
0 0.596274 0.597582 0.021525 0.033491
0 0.646818 0.386471 0.017958 0.030319
0 0.562379 0.315837 0.015580 0.025556
0 0.786558 0.810279 0.031040 0.039841
0 0.661684 0.830121 0.021527 0.035081
0 0.976247 0.730915 0.027472 0.030319
