0 0.475563 0.202343 0.015580 0.027144
0 0.078939 0.793613 0.023905 0.031903
0 0.222247 0.750757 0.025093 0.041428
0 0.348905 0.634884 0.023905 0.028731
0 0.404206 0.661074 0.029852 0.030319
0 0.511835 0.523773 0.026284 0.041428
0 0.725310 0.499170 0.025093 0.030316
0 0.926892 0.537265 0.033420 0.030319
0 0.036721 0.603137 0.029850 0.025556
0 0.116996 0.491234 0.023905 0.023969
0 0.331661 0.359487 0.020337 0.027144
0 0.854347 0.327740 0.019148 0.030319
0 0.828182 0.325359 0.019148 0.025556
0 0.804991 0.320598 0.020335 0.028729
0 0.778233 0.315835 0.019148 0.031903
0 0.752663 0.311868 0.020337 0.030319
0 0.703903 0.238059 0.017958 0.031906
0 0.711634 0.131709 0.021525 0.031906
0 0.673577 0.088059 0.023903 0.027144
0 0.638493 0.055518 0.020335 0.025556
0 0.616491 0.254724 0.021525 0.030319
0 0.618870 0.174566 0.019146 0.031903
0 0.581408 0.203137 0.017956 0.028731
0 0.584381 0.249962 0.016769 0.030319
0 0.542162 0.221392 0.017956 0.030316
0 0.492212 0.252343 0.015580 0.025556
0 0.499348 0.218217 0.017958 0.027141
0 0.470211 0.257899 0.021525 0.027144
0 0.356635 0.167423 0.025093 0.033491
0 0.240087 0.149962 0.020337 0.030319
0 0.310848 0.020598 0.016769 0.031903
0 0.142566 0.140440 0.022716 0.023969
0 0.055749 0.132503 0.022714 0.027144
0 0.020070 0.294407 0.017958 0.027141
0 0.023044 0.265837 0.016769 0.023969
