0 0.937596 0.330915 0.026282 0.023969
0 0.973274 0.578534 0.026282 0.030319
0 0.881700 0.097582 0.019146 0.033491
0 0.816884 0.911074 0.020337 0.031906
0 0.737797 0.414248 0.026284 0.038253
0 0.080130 0.817423 0.038176 0.028729
0 0.108077 0.732503 0.025093 0.033493
0 0.124727 0.616629 0.020337 0.033491
0 0.112240 0.475359 0.019146 0.030319
0 0.157432 0.419804 0.021527 0.030316
0 0.166351 0.353931 0.025093 0.031906
0 0.232356 0.323773 0.021527 0.035078
0 0.400044 0.377740 0.019148 0.028731
0 0.342364 0.360281 0.022716 0.028731
0 0.351284 0.281709 0.021527 0.027144
0 0.280522 0.276946 0.017956 0.030319
0 0.026017 0.182503 0.025095 0.028731
0 0.222247 0.216630 0.025093 0.023969
0 0.291820 0.115835 0.021527 0.041428
0 0.452967 0.136471 0.036987 0.079525
0 0.478536 0.058693 0.031042 0.057300
0 0.558812 0.184090 0.022714 0.038256
0 0.673577 0.213454 0.023903 0.033491
0 0.846022 0.057106 0.023903 0.031906
