0 0.244844 0.067424 0.022714 0.017619
0 0.226410 0.020598 0.026282 0.038253
0 0.348312 0.021390 0.017960 0.027139
0 0.386962 0.017423 0.026284 0.031903
0 0.762772 0.158693 0.026282 0.028731
0 0.782991 0.090439 0.021527 0.031903
0 0.853752 0.065835 0.017958 0.030316
0 0.888835 0.036471 0.014390 0.031906
0 0.960786 0.045995 0.020337 0.028729
0 0.954245 0.112662 0.021525 0.028731
0 0.546325 0.595201 0.031040 0.041428
0 0.725904 0.469010 0.031040 0.030316
0 0.730067 0.203931 0.017956 0.027144
0 0.746717 0.343613 0.020335 0.023966
0 0.611734 0.214249 0.033419 0.028731
0 0.537405 0.399170 0.022716 0.030316
0 0.485671 0.505518 0.021525 0.027144
0 0.249006 0.245201 0.023905 0.023966
0 0.198462 0.229328 0.022716 0.027144
0 0.704498 0.771398 0.023905 0.028741
0 0.350094 0.895201 0.031040 0.025554
0 0.143756 0.189646 0.020337 0.027144
