0 0.496970 0.233296 0.022716 0.031906
0 0.084292 0.980121 0.025095 0.030319
0 0.353067 0.971392 0.025093 0.031903
0 0.510646 0.965100 0.050068 0.069800
0 0.531458 0.877740 0.025095 0.063650
0 0.545730 0.816629 0.034608 0.046191
0 0.584382 0.757899 0.042934 0.071587
0 0.036721 0.495995 0.029850 0.043016
0 0.094401 0.371392 0.023903 0.035078
0 0.248412 0.439645 0.027472 0.035078
0 0.431560 0.489645 0.022714 0.030316
0 0.604004 0.565835 0.022716 0.039841
0 0.766935 0.728535 0.020335 0.044603
0 0.895376 0.909487 0.022714 0.050950
0 0.928676 0.914249 0.017958 0.022381
0 0.958407 0.784090 0.020337 0.031906
0 0.993742 0.628534 0.012515 0.028731
0 0.929866 0.530915 0.020337 0.030319
0 0.717580 0.196788 0.021527 0.025554
0 0.648008 0.168217 0.017958 0.022379
0 0.676550 0.288057 0.022714 0.033491
0 0.629574 0.277740 0.023905 0.031906
0 0.587354 0.266629 0.020337 0.031903
0 0.539188 0.245995 0.028661 0.038253
0 0.450588 0.222979 0.029850 0.030316
0 0.574867 0.148375 0.019148 0.027144
0 0.508267 0.126153 0.019148 0.030319
0 0.442858 0.108693 0.016769 0.020794
0 0.376259 0.085677 0.023903 0.025556
0 0.309659 0.068218 0.019148 0.019206
0 0.246032 0.060281 0.017958 0.019206
0 0.185380 0.053931 0.017956 0.022381
0 0.426803 0.037265 0.015580 0.023969
0 0.302523 0.034090 0.021527 0.027144
0 0.180028 0.026946 0.009633 0.022381
0 0.121159 0.044407 0.020337 0.022379
0 0.065263 0.027740 0.022716 0.023969
