0 0.304902 0.769804 0.023905 0.031903
0 0.334039 0.947582 0.025093 0.031903
0 0.042667 0.834884 0.020337 0.025556
0 0.056938 0.810281 0.017956 0.023969
0 0.079534 0.784090 0.025095 0.031906
0 0.036126 0.740440 0.021525 0.020794
0 0.023638 0.788059 0.022716 0.027144
0 0.290036 0.571392 0.020337 0.031903
0 0.250195 0.430121 0.019148 0.031906
0 0.376853 0.435677 0.025093 0.030319
0 0.518972 0.439645 0.021527 0.035078
0 0.640277 0.495995 0.023903 0.043016
0 0.701525 0.716630 0.020337 0.023969
0 0.758015 0.926154 0.026284 0.033491
0 0.947110 0.588059 0.016769 0.030319
0 0.825209 0.509487 0.022714 0.035081
0 0.775259 0.349962 0.020337 0.030319
0 0.574273 0.119804 0.025095 0.033491
0 0.389341 0.091234 0.016769 0.023969
0 0.332256 0.142027 0.021527 0.023969
0 0.275765 0.176946 0.022716 0.027144
0 0.071804 0.512657 0.021525 0.025566
0 0.060506 0.534090 0.022716 0.023969
0 0.020071 0.538852 0.020335 0.030319
0 0.156837 0.474565 0.017958 0.028731
0 0.198462 0.461074 0.020337 0.027144
0 0.216896 0.447582 0.023905 0.028729
0 0.737203 0.009545 0.020337 0.019090
