0 0.879321 0.570598 0.026282 0.030316
0 0.640872 0.924566 0.025093 0.030316
0 0.744339 0.815042 0.022716 0.030316
0 0.894187 0.730121 0.022716 0.028731
0 0.937001 0.683296 0.022714 0.020794
0 0.859698 0.642026 0.020335 0.033491
0 0.776449 0.595201 0.022716 0.025554
0 0.955435 0.611867 0.023903 0.036666
0 0.799045 0.527740 0.025095 0.023969
0 0.959003 0.550756 0.023903 0.022381
0 0.782990 0.276153 0.026282 0.028731
0 0.744934 0.257106 0.019148 0.025556
0 0.710444 0.242821 0.021525 0.022381
0 0.681902 0.223771 0.019148 0.022381
0 0.576057 0.169010 0.021527 0.023966
0 0.462481 0.107106 0.025095 0.033493
0 0.439290 0.226153 0.021527 0.027144
0 0.598652 0.312662 0.019146 0.022381
0 0.272792 0.146788 0.021527 0.027141
0 0.116997 0.120598 0.038176 0.031903
0 0.834129 0.087265 0.021527 0.025556
0 0.899539 0.053931 0.023903 0.031906
0 0.955435 0.029328 0.016767 0.020794
