0 0.607572 0.099168 0.013201 0.017619
0 0.628979 0.096787 0.013201 0.022381
0 0.639682 0.100756 0.013201 0.023969
0 0.652170 0.044407 0.014390 0.025554
0 0.668820 0.010281 0.012011 0.014444
0 0.618870 0.036471 0.021525 0.028731
0 0.577246 0.035677 0.016769 0.023969
0 0.542162 0.059487 0.020335 0.027144
0 0.547513 0.242027 0.019148 0.023969
0 0.606383 0.930915 0.025095 0.027144
0 0.671794 0.787265 0.017958 0.028731
0 0.711039 0.764249 0.017956 0.023969
0 0.746123 0.738059 0.016769 0.028731
0 0.963759 0.689645 0.028663 0.030316
0 0.928676 0.442027 0.022716 0.023969
0 0.928676 0.184090 0.027473 0.031906
0 0.376259 0.222978 0.023903 0.027144
0 0.524918 0.522185 0.019146 0.028729
0 0.461886 0.411867 0.026284 0.046191
0 0.504106 0.226946 0.015580 0.028731
0 0.571299 0.216630 0.021527 0.023969
0 0.565947 0.094407 0.015580 0.014446
0 0.590328 0.095993 0.014390 0.020794
