0 0.224031 0.587264 0.038176 0.035078
0 0.704497 0.924566 0.033419 0.033491
0 0.903702 0.849170 0.029850 0.035078
0 0.952461 0.764249 0.020335 0.027144
0 0.892403 0.790440 0.023905 0.019206
0 0.913216 0.624565 0.020337 0.027144
0 0.886457 0.583296 0.028661 0.033493
0 0.977436 0.572979 0.020337 0.028729
0 0.694984 0.708692 0.028661 0.043016
0 0.983383 0.325359 0.027473 0.028731
0 0.796667 0.460281 0.027473 0.028731
0 0.590922 0.614249 0.022716 0.028731
0 0.381015 0.768217 0.026284 0.028729
0 0.185974 0.902343 0.021525 0.027144
0 0.510052 0.538852 0.025093 0.027144
0 0.373285 0.654724 0.025093 0.033493
0 0.480915 0.849963 0.026284 0.049366
0 0.263277 0.745200 0.016769 0.020794
0 0.196083 0.766630 0.022716 0.019206
0 0.139593 0.799168 0.019148 0.020794
0 0.087860 0.830915 0.013201 0.023969
0 0.037910 0.859487 0.020335 0.020794
0 0.062884 0.885677 0.017958 0.022381
0 0.159216 0.818217 0.015580 0.027141
0 0.039694 0.475360 0.033419 0.036666
0 0.232356 0.493613 0.026284 0.038253
0 0.725905 0.086471 0.021527 0.023969
0 0.518377 0.044407 0.022716 0.031903
0 0.802019 0.011926 0.019148 0.023852
0 0.038505 0.325360 0.031040 0.038253
0 0.067047 0.500756 0.019148 0.020794
0 0.046830 0.511074 0.016769 0.025556
0 0.025422 0.522185 0.021527 0.028729
