0 0.942947 0.392820 0.027473 0.030316
0 0.932838 0.125360 0.028661 0.035078
0 0.388151 0.434090 0.026282 0.033493
0 0.534432 0.733296 0.026284 0.031906
0 0.516593 0.440439 0.023905 0.033491
0 0.557028 0.452343 0.021527 0.025556
0 0.582003 0.430915 0.021525 0.027144
0 0.664657 0.382503 0.022716 0.025556
0 0.653360 0.311868 0.014390 0.020794
0 0.639682 0.307899 0.013201 0.022381
0 0.620653 0.311074 0.015580 0.016031
0 0.600436 0.308693 0.013201 0.017619
0 0.571894 0.308693 0.017958 0.017619
0 0.551676 0.265043 0.015580 0.025556
0 0.589138 0.240440 0.019148 0.027144
0 0.633737 0.241234 0.020337 0.022381
0 0.663468 0.249963 0.022716 0.033491
0 0.682496 0.206312 0.022716 0.035081
0 0.302524 0.014249 0.023903 0.025556
0 0.937001 0.647582 0.034608 0.028729
0 0.960786 0.882503 0.025095 0.028731
