0 0.598652 0.459487 0.021525 0.036668
0 0.553460 0.449170 0.019148 0.035078
0 0.508863 0.434090 0.022714 0.039843
0 0.187163 0.245201 0.014390 0.017621
0 0.124133 0.234884 0.016769 0.016031
0 0.460697 0.419804 0.021527 0.039841
0 0.439290 0.234884 0.023905 0.028731
0 0.617086 0.782503 0.020335 0.050950
0 0.778828 0.938057 0.022716 0.044603
0 0.567731 0.181709 0.021527 0.030319
0 0.053370 0.708693 0.032229 0.039843
0 0.111050 0.583296 0.033419 0.033493
0 0.957813 0.971392 0.026282 0.035078
0 0.994932 0.816629 0.010136 0.027141
0 0.387557 0.286471 0.017958 0.027144
0 0.938785 0.726948 0.026282 0.035078
0 0.262683 0.662661 0.022714 0.039841
0 0.444046 0.705518 0.031040 0.039843
0 0.693200 0.144407 0.020335 0.025554
0 0.803207 0.161074 0.021525 0.027144
0 0.920945 0.183296 0.021527 0.027144
0 0.828777 0.079328 0.025093 0.028731
0 0.319173 0.266630 0.019146 0.022381
0 0.252574 0.256312 0.019148 0.017619
0 0.311443 0.226946 0.025095 0.022381
0 0.181813 0.216630 0.022716 0.023969
0 0.177055 0.117423 0.025095 0.031903
0 0.363176 0.116629 0.021527 0.030316
0 0.537405 0.073773 0.022716 0.030316
0 0.797856 0.632503 0.015580 0.027144
0 0.786558 0.682503 0.016767 0.022381
0 0.065263 0.211074 0.020337 0.025556
0 0.662278 0.369010 0.022716 0.027141
0 0.736608 0.395201 0.019148 0.031903
0 0.688443 0.488057 0.020337 0.033491
0 0.640871 0.473773 0.022716 0.033491
0 0.587949 0.349168 0.019148 0.025556
0 0.521350 0.331709 0.019148 0.025556
0 0.455345 0.308693 0.010822 0.017619
