0 0.328092 0.979328 0.034608 0.031906
0 0.296577 0.730121 0.033419 0.028731
0 0.214517 0.443613 0.031042 0.030316
0 0.098563 0.237265 0.036987 0.033493
0 0.106294 0.783296 0.021527 0.030319
0 0.055749 0.583296 0.020335 0.033493
0 0.799639 0.934884 0.026282 0.028731
0 0.667631 0.923773 0.021527 0.031903
0 0.600437 0.782503 0.020335 0.035081
0 0.764556 0.841232 0.027472 0.035078
0 0.844832 0.831709 0.028661 0.035081
0 0.934622 0.671392 0.022714 0.028729
0 0.986951 0.615835 0.022716 0.028729
0 0.760394 0.649170 0.023905 0.031903
0 0.810938 0.329329 0.029850 0.043016
0 0.941758 0.328534 0.025095 0.035081
0 0.693795 0.275360 0.019146 0.033491
0 0.626006 0.067423 0.026284 0.033491
0 0.979815 0.026948 0.027472 0.038253
0 0.505295 0.264249 0.022714 0.027144
0 0.381015 0.193613 0.023905 0.025554
0 0.314417 0.091232 0.016769 0.027141
