0 0.528485 0.790439 0.019148 0.031903
0 0.103915 0.779328 0.019148 0.025556
0 0.060506 0.716629 0.022716 0.027141
0 0.163973 0.724565 0.020337 0.017619
0 0.209165 0.645201 0.017958 0.023966
0 0.233545 0.617424 0.014390 0.022381
0 0.196678 0.549962 0.019148 0.030319
0 0.119970 0.554724 0.015580 0.020794
0 0.094401 0.517423 0.019146 0.025554
0 0.063479 0.461074 0.019148 0.030319
0 0.322146 0.756312 0.020337 0.027144
0 0.287657 0.989646 0.015580 0.017619
0 0.233545 0.882503 0.016769 0.028731
0 0.349500 0.566629 0.017958 0.035078
0 0.988391 0.865835 0.023218 0.036666
0 0.596869 0.307106 0.015580 0.033493
0 0.501727 0.288852 0.020337 0.022381
0 0.862076 0.390440 0.015580 0.025556
