0 0.387557 0.160281 0.020337 0.054125
0 0.969111 0.945995 0.025093 0.038253
0 0.971490 0.838851 0.025093 0.036666
0 0.888241 0.776946 0.025095 0.033493
0 0.762177 0.726154 0.027472 0.036666
0 0.965544 0.430915 0.039364 0.033493
0 0.388151 0.749963 0.028661 0.036666
0 0.270413 0.765042 0.031042 0.035078
0 0.143160 0.785676 0.028661 0.038253
0 0.033747 0.798376 0.026282 0.031903
0 0.138998 0.922185 0.022716 0.028729
0 0.771098 0.355518 0.038176 0.041431
0 0.964354 0.202343 0.020337 0.027144
0 0.593301 0.260279 0.017958 0.041428
0 0.177055 0.197582 0.027473 0.062065
0 0.021855 0.378534 0.038176 0.062063
0 0.122943 0.065835 0.028663 0.046191
0 0.525512 0.040439 0.022714 0.039841
