0 0.128889 0.282503 0.026282 0.028731
0 0.058722 0.095201 0.016769 0.031903
0 0.320362 0.209487 0.019148 0.025556
0 0.304902 0.028534 0.014390 0.025556
0 0.702714 0.593613 0.015580 0.025554
0 0.747312 0.735677 0.021525 0.033493
0 0.765745 0.976946 0.020335 0.023969
0 0.849589 0.948376 0.016769 0.030316
0 0.856725 0.507899 0.016769 0.022381
0 0.767529 0.580915 0.016767 0.031906
0 0.918567 0.633296 0.021525 0.028731
0 0.831750 0.298376 0.021527 0.031903
0 0.075967 0.466629 0.022714 0.025554
0 0.556434 0.926946 0.020337 0.028731
0 0.507672 0.822184 0.015580 0.022381
