0 0.165163 0.325359 0.020337 0.031906
0 0.064669 0.313456 0.021527 0.030319
0 0.422045 0.976154 0.027473 0.041428
0 0.376259 0.717423 0.026282 0.031903
0 0.351878 0.412662 0.025093 0.031906
0 0.347121 0.161868 0.025095 0.031906
0 0.635520 0.865043 0.023903 0.028731
0 0.564164 0.622185 0.028661 0.038253
0 0.642061 0.467423 0.020337 0.033491
0 0.539783 0.421392 0.025093 0.030316
0 0.922134 0.326946 0.016769 0.035081
0 0.697956 0.032503 0.020337 0.027144
0 0.653360 0.030915 0.016769 0.027144
0 0.624222 0.026154 0.020337 0.036666
0 0.602815 0.069010 0.022714 0.033491
0 0.047424 0.827740 0.022716 0.027144
0 0.015314 0.736471 0.017958 0.031906
0 0.096778 0.819804 0.019148 0.030316
0 0.225221 0.535677 0.021525 0.027144
0 0.037315 0.892026 0.016767 0.031903
0 0.022449 0.949168 0.017958 0.028731
