0 0.939379 0.915837 0.020337 0.025556
0 0.458913 0.916629 0.015580 0.046191
0 0.278738 0.869804 0.019146 0.044603
0 0.125322 0.791232 0.023905 0.043016
0 0.074183 0.911867 0.026282 0.039841
0 0.075372 0.405518 0.021525 0.027144
0 0.134241 0.438852 0.015580 0.020794
0 0.197273 0.449962 0.010822 0.020794
0 0.263871 0.462662 0.017958 0.020794
0 0.331066 0.473771 0.019148 0.020794
0 0.399449 0.492821 0.013201 0.020794
0 0.468427 0.513456 0.017956 0.030319
0 0.538595 0.538852 0.013201 0.017619
0 0.606383 0.556312 0.017958 0.027144
0 0.679523 0.580121 0.019148 0.023969
0 0.750285 0.600756 0.020335 0.030319
0 0.699741 0.688057 0.021527 0.033491
0 0.656927 0.676153 0.019146 0.028731
0 0.608761 0.665042 0.017958 0.038253
0 0.564759 0.645995 0.022714 0.035078
0 0.522539 0.636471 0.019146 0.028731
0 0.476752 0.619804 0.025095 0.036666
0 0.581408 0.388851 0.017956 0.031903
0 0.452966 0.439646 0.020337 0.025556
0 0.321551 0.427740 0.019148 0.023969
0 0.191920 0.414249 0.021527 0.028731
0 0.185974 0.324565 0.021525 0.027144
0 0.376853 0.321392 0.025093 0.033491
0 0.550487 0.276153 0.017958 0.031906
0 0.722337 0.191232 0.016769 0.033491
0 0.882295 0.110281 0.020335 0.030319
0 0.916784 0.171392 0.015580 0.025554
0 0.844831 0.274566 0.019148 0.031903
0 0.939379 0.380121 0.020337 0.036668
0 0.821046 0.360281 0.021525 0.035081
0 0.707472 0.342820 0.022716 0.035078
0 0.605193 0.099170 0.022716 0.036666
0 0.367339 0.156312 0.020337 0.030319
0 0.130673 0.188057 0.032229 0.039841
