0 0.807964 0.712661 0.016769 0.038253
0 0.406584 0.934090 0.029850 0.030319
0 0.369717 0.691232 0.029850 0.027141
0 0.328093 0.418217 0.029852 0.023966
0 0.307280 0.154724 0.028663 0.023969
0 0.678928 0.885677 0.022716 0.035081
0 0.721742 0.749170 0.020337 0.035078
0 0.872186 0.802343 0.023905 0.033493
0 0.982193 0.802343 0.020337 0.027144
0 0.879321 0.689646 0.016767 0.023969
0 0.922134 0.495201 0.019148 0.031903
0 0.890619 0.469010 0.020337 0.023966
0 0.764557 0.594407 0.020337 0.030316
0 0.745527 0.405518 0.022714 0.033493
0 0.628979 0.271392 0.020337 0.031903
0 0.743744 0.206312 0.016769 0.028731
0 0.768124 0.080915 0.022714 0.035081
0 0.941758 0.229328 0.017958 0.030319
0 0.148512 0.491232 0.020335 0.027141
