0 0.530864 0.774565 0.016769 0.025556
0 0.339390 0.862662 0.016769 0.033493
0 0.527295 0.743615 0.016769 0.020794
0 0.458913 0.727740 0.022716 0.020794
0 0.391125 0.710281 0.017958 0.023969
0 0.400044 0.755518 0.016769 0.028731
0 0.273981 0.735677 0.016769 0.023969
0 0.155648 0.775359 0.022716 0.023969
0 0.048614 0.799962 0.020337 0.022381
0 0.258521 0.661074 0.019148 0.023969
0 0.321551 0.685677 0.014390 0.022381
0 0.819262 0.811868 0.036987 0.033493
0 0.195489 0.637265 0.014390 0.017619
0 0.136619 0.612662 0.015580 0.025556
0 0.074777 0.589646 0.022714 0.027144
0 0.013530 0.560281 0.019148 0.022381
0 0.055154 0.473773 0.023903 0.039841
0 0.096778 0.490439 0.019148 0.031903
0 0.136025 0.504724 0.019148 0.038256
0 0.175271 0.518217 0.021527 0.036666
0 0.217491 0.534884 0.022716 0.038256
0 0.260899 0.550757 0.026282 0.038253
0 0.690821 0.627740 0.036987 0.030319
0 0.768719 0.576153 0.033419 0.028731
0 0.028396 0.942026 0.022716 0.030316
0 0.174676 0.885677 0.022716 0.031906
0 0.601626 0.395201 0.020335 0.031903
0 0.437506 0.317423 0.022716 0.041428
0 0.262683 0.267423 0.022714 0.036666
0 0.100347 0.192820 0.023905 0.043016
0 0.583191 0.423771 0.016769 0.022381
0 0.558218 0.414249 0.014390 0.025556
0 0.534432 0.401550 0.012011 0.025556
0 0.517782 0.380915 0.016769 0.022381
0 0.491617 0.372185 0.016769 0.027141
0 0.466049 0.362662 0.013201 0.027144
0 0.765152 0.904724 0.019148 0.035081
0 0.530864 0.875360 0.021527 0.039841
0 0.442263 0.355518 0.013201 0.025556
0 0.670604 0.265042 0.015580 0.038253
0 0.869807 0.053931 0.014390 0.028731
0 0.826398 0.265835 0.015580 0.030316
0 0.662873 0.795201 0.021527 0.028729
0 0.594491 0.761868 0.013201 0.022381
