0 0.768719 0.632503 0.019146 0.020794
0 0.491023 0.807899 0.020337 0.025556
0 0.627195 0.838059 0.019148 0.022381
0 0.690821 0.953137 0.022714 0.030319
0 0.875753 0.919010 0.023903 0.035078
0 0.943542 0.926946 0.023905 0.028731
0 0.630763 0.638059 0.023905 0.028731
0 0.696767 0.613456 0.017958 0.017619
0 0.718174 0.589646 0.015580 0.017619
0 0.706877 0.558693 0.016769 0.028731
0 0.377447 0.599962 0.021527 0.025556
0 0.777044 0.546788 0.019148 0.030316
0 0.790125 0.454724 0.016769 0.027144
0 0.874564 0.515043 0.019148 0.023969
0 0.865644 0.384884 0.015580 0.027144
0 0.802613 0.334090 0.020335 0.027144
0 0.558218 0.710281 0.021527 0.027144
0 0.703309 0.152343 0.021527 0.035081
0 0.645034 0.211868 0.019148 0.030319
0 0.503510 0.349170 0.019146 0.031903
0 0.426803 0.426946 0.020337 0.035081
0 0.307875 0.261867 0.022716 0.035078
0 0.251801 0.446392 0.029731 0.038097
