0 0.766340 0.031709 0.021525 0.031906
0 0.314416 0.978534 0.035797 0.027144
0 0.317984 0.705518 0.038176 0.030319
0 0.334039 0.448375 0.029850 0.020794
0 0.333444 0.142027 0.026282 0.020794
0 0.170514 0.419804 0.026282 0.027141
0 0.072399 0.174565 0.022714 0.025556
0 0.803802 0.891232 0.025093 0.033491
0 0.960192 0.808693 0.031040 0.036668
0 0.778233 0.685677 0.021527 0.031906
0 0.668820 0.633296 0.023905 0.031906
0 0.553460 0.594407 0.026284 0.027141
0 0.508268 0.368217 0.023903 0.035078
0 0.859103 0.545201 0.026282 0.033491
0 0.838885 0.465835 0.023903 0.039841
0 0.819263 0.381709 0.020337 0.033493
0 0.794288 0.284884 0.022716 0.030319
0 0.769908 0.193613 0.021525 0.022379
0 0.743150 0.096788 0.025095 0.028729
0 0.681307 0.095995 0.022716 0.027141
