0 0.031964 0.830121 0.020337 0.022381
0 0.513619 0.934090 0.020337 0.030319
0 0.741366 0.815835 0.021527 0.031903
0 0.965544 0.752343 0.027473 0.031906
0 0.950677 0.592026 0.026282 0.028729
0 0.788937 0.638852 0.021525 0.030319
0 0.614113 0.725360 0.026282 0.035078
0 0.442858 0.815837 0.019148 0.025556
0 0.273981 0.904724 0.021527 0.028731
0 0.163973 0.955518 0.020337 0.025556
0 0.197867 0.804724 0.016769 0.035081
0 0.072993 0.805518 0.026282 0.027144
0 0.197867 0.772979 0.021527 0.028729
0 0.268034 0.747581 0.019148 0.025556
0 0.396475 0.754724 0.021527 0.030319
0 0.476157 0.645201 0.021527 0.033491
0 0.375664 0.535677 0.022714 0.033493
0 0.507079 0.556312 0.023903 0.030319
0 0.623627 0.570598 0.021527 0.030316
0 0.751474 0.527741 0.025093 0.039841
0 0.122348 0.529328 0.025095 0.033493
0 0.028396 0.488059 0.025095 0.027144
0 0.146728 0.380121 0.021525 0.027144
0 0.155053 0.253137 0.019148 0.023969
0 0.094995 0.068217 0.025093 0.041428
0 0.580813 0.310281 0.023903 0.036668
0 0.658116 0.339645 0.021525 0.035078
0 0.731257 0.361868 0.025093 0.031906
0 0.794883 0.380121 0.019148 0.033493
0 0.861482 0.403931 0.019146 0.030319
0 0.876942 0.480121 0.021525 0.033493
0 0.924513 0.426153 0.019148 0.030319
0 0.981004 0.445995 0.022716 0.028729
0 0.846616 0.303138 0.025093 0.041428
0 0.800234 0.288057 0.025093 0.036666
0 0.756826 0.272979 0.019148 0.035078
0 0.709849 0.258693 0.020335 0.038256
0 0.666441 0.242026 0.021527 0.036666
0 0.620060 0.230121 0.026282 0.028731
0 0.513619 0.934090 0.020337 0.030319
0 0.741366 0.815835 0.021527 0.031903
0 0.965544 0.752343 0.027473 0.031906
0 0.950677 0.592026 0.026282 0.028729
0 0.788937 0.638852 0.021525 0.030319
0 0.614113 0.725360 0.026282 0.035078
0 0.442858 0.815837 0.019148 0.025556
0 0.273981 0.904724 0.021527 0.028731
0 0.163973 0.955518 0.020337 0.025556
0 0.197867 0.804724 0.016769 0.035081
0 0.072993 0.805518 0.026282 0.027144
0 0.031964 0.830121 0.020337 0.022381
0 0.197867 0.772979 0.021527 0.028729
0 0.268034 0.747581 0.019148 0.025556
0 0.396475 0.754724 0.021527 0.030319
0 0.476157 0.645201 0.021527 0.033491
0 0.375664 0.535677 0.022714 0.033493
0 0.507079 0.556312 0.023903 0.030319
0 0.623627 0.570598 0.021527 0.030316
0 0.751474 0.527741 0.025093 0.039841
0 0.122348 0.529328 0.025095 0.033493
0 0.028396 0.488059 0.025095 0.027144
0 0.146728 0.380121 0.021525 0.027144
0 0.155053 0.253137 0.019148 0.023969
0 0.094995 0.068217 0.025093 0.041428
0 0.580813 0.310281 0.023903 0.036668
0 0.658116 0.339645 0.021525 0.035078
0 0.731257 0.361868 0.025093 0.031906
0 0.794883 0.380121 0.019148 0.033493
0 0.861482 0.403931 0.019146 0.030319
0 0.876942 0.480121 0.021525 0.033493
0 0.924513 0.426153 0.019148 0.030319
0 0.981004 0.445995 0.022716 0.028729
0 0.846616 0.303138 0.025093 0.041428
0 0.800234 0.288057 0.025093 0.036666
0 0.756826 0.272979 0.019148 0.035078
0 0.709849 0.258693 0.020335 0.038256
0 0.666441 0.242026 0.021527 0.036666
0 0.620060 0.230121 0.026282 0.028731
