0 0.483294 0.922185 0.021527 0.031903
0 0.463670 0.842026 0.020337 0.030316
0 0.298361 0.829328 0.025093 0.030319
0 0.775854 0.804724 0.023905 0.031906
0 0.662278 0.765042 0.025095 0.038253
0 0.546919 0.704724 0.017958 0.025556
0 0.353662 0.575360 0.023903 0.036666
0 0.180623 0.461868 0.025095 0.031906
0 0.576652 0.321392 0.020337 0.036666
0 0.518972 0.484884 0.021527 0.036668
0 0.602815 0.192026 0.025093 0.028729
0 0.716390 0.129328 0.019148 0.030319
0 0.353662 0.034884 0.021525 0.035081
0 0.155053 0.182503 0.019148 0.019206
