0 0.542162 0.103137 0.017956 0.022381
0 0.639682 0.022184 0.020337 0.025556
0 0.734824 0.023773 0.022716 0.031903
0 0.807965 0.126153 0.021525 0.030319
0 0.853752 0.083296 0.025095 0.036668
0 0.879916 0.045995 0.022714 0.031903
0 0.902512 0.090439 0.022714 0.038253
0 0.939380 0.069010 0.022714 0.033491
0 0.978030 0.040439 0.021527 0.036666
0 0.382205 0.085677 0.023905 0.031906
0 0.273386 0.034884 0.025095 0.031906
0 0.084292 0.192820 0.027473 0.033491
0 0.022255 0.228534 0.044509 0.038256
0 0.059317 0.632503 0.034608 0.046188
0 0.487455 0.976154 0.022714 0.038253
0 0.955435 0.442820 0.023903 0.031903
0 0.982788 0.375359 0.019148 0.030319
0 0.906674 0.419010 0.023905 0.038253
0 0.865644 0.499170 0.022716 0.036666
0 0.772882 0.565835 0.027472 0.033491
0 0.229977 0.853931 0.023905 0.035081
0 0.274576 0.393613 0.017958 0.025554
0 0.187759 0.303931 0.022714 0.027144
0 0.181812 0.557106 0.036987 0.031906
0 0.523728 0.369010 0.021525 0.043016
0 0.432749 0.253137 0.025093 0.033493
0 0.620653 0.119010 0.020337 0.031903
0 0.539189 0.036471 0.021527 0.035081
