0 0.492807 0.722979 0.019148 0.030316
0 0.144945 0.310281 0.013201 0.020794
0 0.070616 0.930915 0.021527 0.030319
0 0.275765 0.723773 0.020337 0.028729
0 0.398259 0.746787 0.017958 0.023969
0 0.695578 0.988911 0.017958 0.022179
0 0.557028 0.988037 0.019148 0.023926
0 0.308470 0.319804 0.019148 0.027141
0 0.155648 0.494407 0.015580 0.023966
0 0.118780 0.520598 0.015580 0.025554
0 0.081318 0.519803 0.009633 0.020794
0 0.056344 0.514249 0.016767 0.019206
0 0.039693 0.556312 0.016769 0.020794
0 0.044451 0.378534 0.016769 0.027144
0 0.069426 0.448375 0.014390 0.020794
0 0.057532 0.448375 0.014390 0.023969
0 0.085481 0.448375 0.015580 0.020794
0 0.101536 0.447581 0.014390 0.019206
0 0.125322 0.446787 0.016769 0.023969
0 0.155648 0.414249 0.017958 0.019206
0 0.182407 0.324565 0.014390 0.023969
