0 0.257331 0.449962 0.021527 0.030319
0 0.556433 0.815042 0.032229 0.052540
0 0.709255 0.977740 0.023903 0.025556
0 0.677740 0.768217 0.027472 0.025554
0 0.737797 0.685677 0.026284 0.028731
0 0.755636 0.561074 0.019148 0.033493
0 0.741366 0.414249 0.019148 0.028731
0 0.620654 0.442820 0.036987 0.028729
0 0.545730 0.607106 0.025093 0.027144
0 0.207976 0.428534 0.025093 0.025556
0 0.146729 0.380121 0.016769 0.027144
0 0.158621 0.322185 0.021527 0.028729
0 0.204408 0.288852 0.020335 0.028731
0 0.246628 0.265042 0.023903 0.028729
0 0.227005 0.207899 0.029850 0.035081
0 0.268629 0.158693 0.022716 0.028731
0 0.246628 0.058693 0.023903 0.035081
0 0.298955 0.161868 0.019146 0.025556
0 0.353662 0.215835 0.019146 0.031903
0 0.392908 0.213456 0.021525 0.030319
0 0.366744 0.103137 0.028663 0.025556
0 0.637898 0.100756 0.016769 0.027144
0 0.477347 0.024565 0.021527 0.020794
0 0.775259 0.365042 0.022716 0.028729
0 0.799045 0.293613 0.025095 0.031903
0 0.869212 0.267424 0.022716 0.020794
0 0.901917 0.232503 0.019148 0.030319
0 0.851968 0.162662 0.023905 0.027144
0 0.979220 0.241232 0.021527 0.035078
0 0.925703 0.079328 0.023905 0.038256
0 0.788937 0.159487 0.023903 0.023969
0 0.010957 0.057106 0.021915 0.025556
