0 0.557623 0.176154 0.022716 0.035078
0 0.604004 0.222978 0.017958 0.023969
0 0.629574 0.200756 0.023905 0.023969
0 0.697362 0.180121 0.014390 0.017619
0 0.771097 0.116629 0.016769 0.027141
0 0.833534 0.031709 0.020337 0.035081
0 0.936406 0.233296 0.019146 0.028731
0 0.891214 0.399962 0.016769 0.022381
0 0.818669 0.468217 0.019148 0.025554
0 0.674766 0.603137 0.016767 0.022381
0 0.614708 0.661868 0.017958 0.019206
0 0.762178 0.813454 0.025095 0.036666
0 0.774070 0.646787 0.017958 0.023969
0 0.744934 0.592027 0.019148 0.016031
0 0.207381 0.151551 0.028663 0.033491
0 0.565353 0.844407 0.026282 0.028729
0 0.441669 0.603931 0.021527 0.023969
0 0.323931 0.378534 0.031040 0.033493
0 0.514214 0.469804 0.019148 0.022379
0 0.530864 0.353137 0.016769 0.030319
0 0.438695 0.287265 0.020337 0.028731
0 0.548703 0.257899 0.023905 0.023969
