0 0.193705 0.322979 0.022716 0.030316
0 0.039694 0.726946 0.023903 0.025556
0 0.064074 0.907899 0.025095 0.035081
0 0.151486 0.836471 0.023903 0.031906
0 0.437506 0.903931 0.027473 0.036668
0 0.385178 0.650756 0.025095 0.025556
0 0.311443 0.392820 0.025095 0.027141
0 0.252574 0.164249 0.021527 0.023969
0 0.214517 0.180915 0.019148 0.022381
0 0.760989 0.920598 0.025095 0.031903
0 0.797261 0.185676 0.016769 0.038253
0 0.741366 0.374566 0.023905 0.031903
0 0.713418 0.167423 0.022714 0.030316
0 0.055154 0.087265 0.021525 0.028731
