0 0.530864 0.873771 0.016769 0.023969
0 0.764557 0.809487 0.020337 0.028731
0 0.890619 0.912662 0.025095 0.025556
0 0.968517 0.855518 0.016769 0.022381
0 0.951273 0.830121 0.017958 0.022381
0 0.932839 0.807899 0.012011 0.016031
0 0.928676 0.792027 0.015580 0.022381
0 0.727689 0.479328 0.017958 0.031906
0 0.831750 0.326946 0.019148 0.028731
0 0.392313 0.687265 0.025093 0.028731
0 0.632547 0.424565 0.022716 0.030319
0 0.526702 0.495993 0.022714 0.020794
0 0.582598 0.357106 0.020335 0.025556
0 0.331066 0.587265 0.021527 0.031906
0 0.291820 0.403931 0.019148 0.030319
0 0.045640 0.503137 0.040553 0.035081
0 0.187164 0.311073 0.035797 0.038253
0 0.687848 0.063454 0.021527 0.031903
0 0.568920 0.083296 0.016769 0.027144
0 0.444642 0.155518 0.022716 0.035081
0 0.162784 0.118217 0.020337 0.023966
0 0.466643 0.780121 0.021525 0.033493
0 0.326309 0.284090 0.019148 0.028731
