0 0.289441 0.255518 0.023905 0.035081
0 0.557623 0.603137 0.013201 0.025556
0 0.521945 0.549168 0.017958 0.025556
0 0.144350 0.903931 0.014390 0.020794
0 0.355446 0.960281 0.022714 0.028731
0 0.376258 0.956312 0.016769 0.027144
0 0.395881 0.984884 0.017958 0.023969
0 0.272792 0.632503 0.019148 0.023969
0 0.253763 0.537265 0.016769 0.023969
0 0.229977 0.565043 0.014390 0.016031
0 0.325119 0.578534 0.016769 0.027144
0 0.212138 0.590440 0.014390 0.019206
0 0.170513 0.595200 0.016769 0.019206
0 0.205003 0.842821 0.012013 0.022381
0 0.108672 0.759487 0.016769 0.020794
0 0.126510 0.454724 0.023903 0.033493
0 0.199057 0.361868 0.021527 0.031906
0 0.957812 0.628534 0.016769 0.025556
0 0.689038 0.948375 0.021527 0.027144
0 0.649792 0.889646 0.019148 0.027144
0 0.507673 0.789646 0.022714 0.023969
0 0.404206 0.783296 0.020337 0.027144
0 0.386962 0.753137 0.014390 0.017619
0 0.367934 0.720597 0.012011 0.019206
