0 0.432748 0.836471 0.017958 0.022381
0 0.011746 0.359487 0.020337 0.020794
0 0.136619 0.382503 0.017958 0.028731
0 0.089644 0.062662 0.019148 0.030319
0 0.013530 0.023771 0.021527 0.028731
0 0.672982 0.435677 0.022714 0.033493
0 0.825209 0.640439 0.032229 0.043016
0 0.964949 0.821392 0.031042 0.049366
0 0.277548 0.691232 0.026282 0.030316
0 0.477347 0.780121 0.019148 0.020794
0 0.547513 0.811868 0.019148 0.020794
0 0.527890 0.838852 0.017958 0.027144
0 0.506484 0.866630 0.017956 0.025556
0 0.640277 0.932503 0.021527 0.027144
0 0.151485 0.402343 0.019148 0.020794
0 0.382205 0.445201 0.023905 0.036666
0 0.272792 0.509487 0.021527 0.025556
0 0.303117 0.551550 0.020337 0.023969
0 0.161000 0.694407 0.023905 0.033491
0 0.179434 0.719010 0.022716 0.028729
0 0.234140 0.645995 0.015580 0.025554
0 0.589733 0.800756 0.017958 0.023969
