0 0.149107 0.807106 0.019146 0.023969
0 0.673577 0.984090 0.019146 0.025556
0 0.606383 0.954724 0.010822 0.017619
0 0.543351 0.967424 0.020335 0.020794
0 0.537405 0.939646 0.013201 0.022381
0 0.470210 0.925359 0.016769 0.019206
0 0.402422 0.910281 0.016769 0.023969
0 0.411937 0.949962 0.021525 0.030319
0 0.334634 0.884884 0.014390 0.017619
0 0.268629 0.858693 0.015580 0.019206
0 0.206191 0.833296 0.014390 0.016031
0 0.287062 0.930915 0.016769 0.023969
0 0.172892 0.958693 0.019148 0.022381
0 0.069426 0.977740 0.021527 0.022381
0 0.085481 0.780915 0.017958 0.022381
0 0.022449 0.752343 0.020337 0.025556
0 0.063479 0.664248 0.023905 0.039841
0 0.103320 0.678534 0.022716 0.030319
0 0.142566 0.695201 0.022716 0.035078
0 0.185974 0.710281 0.023903 0.030319
0 0.224626 0.726154 0.025093 0.036666
0 0.266846 0.743613 0.028661 0.039841
0 0.700335 0.821392 0.029852 0.030316
0 0.777638 0.784090 0.025095 0.028731
0 0.614114 0.612662 0.021527 0.031906
0 0.265655 0.473771 0.021527 0.023969
0 0.100941 0.399170 0.022716 0.033491
0 0.147918 0.214249 0.040555 0.066825
0 0.179433 0.160279 0.034608 0.044603
0 0.189543 0.103931 0.033419 0.065238
0 0.209760 0.036471 0.023903 0.057300
0 0.680117 0.479329 0.017958 0.041428
0 0.840076 0.481709 0.016769 0.036668
0 0.924513 0.438059 0.023905 0.031906
0 0.447616 0.545201 0.016769 0.027141
0 0.804991 0.065042 0.017956 0.038253
0 0.856725 0.180915 0.014390 0.019206
0 0.756232 0.064248 0.029850 0.033491
0 0.881105 0.242026 0.017956 0.033491
