0 0.515403 0.872979 0.021527 0.038253
0 0.335228 0.972979 0.022714 0.035078
0 0.813316 0.911868 0.025095 0.033493
0 0.936406 0.894407 0.028661 0.036666
0 0.699146 0.867423 0.027473 0.036666
0 0.319768 0.706312 0.027472 0.035081
0 0.225815 0.573773 0.027472 0.033491
0 0.099752 0.444407 0.025095 0.031903
0 0.059317 0.428534 0.022714 0.035081
0 0.022449 0.413456 0.022716 0.030319
0 0.132457 0.354724 0.021525 0.023969
0 0.067047 0.330121 0.021527 0.025556
0 0.009768 0.306312 0.019536 0.028731
0 0.637304 0.667423 0.025093 0.036666
0 0.562974 0.446788 0.023903 0.030316
0 0.571299 0.313454 0.023905 0.036666
0 0.980409 0.403931 0.023905 0.036668
0 0.988140 0.229328 0.020337 0.030319
0 0.954840 0.265042 0.020335 0.028729
0 0.935217 0.215835 0.021525 0.041428
0 0.878132 0.171390 0.021525 0.022381
0 0.861482 0.168217 0.021525 0.028729
0 0.826993 0.237265 0.021525 0.033493
0 0.854347 0.247582 0.019148 0.028729
0 0.766340 0.228534 0.019146 0.031906
0 0.712823 0.207899 0.026282 0.031906
0 0.639683 0.198376 0.022714 0.028729
0 0.601626 0.164248 0.022714 0.036666
0 0.337607 0.144407 0.032229 0.031903
0 0.215706 0.124565 0.023905 0.030319
0 0.110455 0.115043 0.022714 0.023969
0 0.241870 0.045201 0.023903 0.033491
