0 0.961381 0.061868 0.016769 0.019206
0 0.892402 0.387264 0.031040 0.035078
0 0.732446 0.305518 0.022714 0.036668
0 0.507079 0.430915 0.028661 0.039843
0 0.670009 0.430915 0.023903 0.049363
0 0.884672 0.984090 0.017958 0.025556
0 0.960191 0.901550 0.021527 0.028731
0 0.592111 0.864248 0.036987 0.033491
0 0.683686 0.957106 0.022716 0.025556
0 0.521349 0.869010 0.021525 0.036666
0 0.288252 0.892820 0.019148 0.027141
0 0.196083 0.772979 0.025095 0.028729
0 0.624816 0.122184 0.014390 0.022381
0 0.289441 0.062662 0.019148 0.030319
0 0.282306 0.106312 0.023903 0.031906
0 0.281116 0.148375 0.021525 0.023969
0 0.021260 0.153932 0.025093 0.041428
0 0.146134 0.315043 0.025093 0.027144
0 0.136620 0.422185 0.027472 0.035078
0 0.046830 0.781709 0.014390 0.027144
0 0.035531 0.857899 0.027472 0.033493
0 0.039099 0.952343 0.025093 0.035081
0 0.190731 0.582503 0.016769 0.022381
0 0.904890 0.033296 0.013201 0.019206
0 0.845426 0.013456 0.015580 0.017619
0 0.990175 0.028534 0.019650 0.031906
0 0.408964 0.477740 0.020337 0.028731
