0 0.768124 0.449962 0.025093 0.030319
0 0.097374 0.356312 0.025093 0.030319
0 0.059317 0.165835 0.022714 0.036666
0 0.289441 0.280915 0.031042 0.025556
0 0.316795 0.548375 0.035797 0.020794
0 0.329282 0.826153 0.025095 0.020794
0 0.809153 0.956312 0.021527 0.030319
0 0.788342 0.876946 0.022714 0.033493
0 0.766935 0.789645 0.017956 0.030316
0 0.745528 0.692820 0.020337 0.036666
0 0.681902 0.696788 0.021527 0.031903
0 0.765745 0.619804 0.020335 0.039841
0 0.803207 0.549170 0.021525 0.031903
0 0.850778 0.447582 0.023905 0.031903
0 0.596868 0.375360 0.029850 0.033491
0 0.757420 0.254724 0.027473 0.030319
0 0.935217 0.288059 0.019146 0.030319
0 0.981598 0.238057 0.023905 0.035078
0 0.560001 0.026153 0.020335 0.030319
0 0.219274 0.011132 0.026282 0.022265
