0 0.202029 0.906312 0.022714 0.028731
0 0.606204 0.869407 0.020218 0.026984
0 0.587949 0.846787 0.019148 0.023969
0 0.496375 0.965043 0.019148 0.025556
0 0.670009 0.809487 0.021527 0.031906
0 0.694984 0.640439 0.028661 0.039841
0 0.843048 0.839645 0.029850 0.047778
0 0.299550 0.879328 0.017956 0.022381
0 0.278739 0.915043 0.016769 0.020794
0 0.257331 0.944407 0.019148 0.022379
0 0.184190 0.881709 0.025093 0.033493
0 0.321551 0.747581 0.019148 0.022381
0 0.380420 0.696788 0.020337 0.028729
0 0.289441 0.701550 0.019148 0.028731
0 0.169920 0.597581 0.020335 0.023969
0 0.154458 0.576153 0.015580 0.025556
0 0.024828 0.552343 0.022716 0.028731
0 0.068831 0.398375 0.020337 0.022381
0 0.095590 0.246788 0.023903 0.030316
0 0.008773 0.197582 0.016769 0.027141
0 0.368528 0.230915 0.017958 0.027144
