0 0.308470 0.225359 0.021527 0.025556
0 0.218084 0.941232 0.028661 0.041428
0 0.473778 0.925360 0.023905 0.038253
0 0.558217 0.924566 0.028661 0.030316
0 0.524918 0.832503 0.023903 0.033493
0 0.563569 0.760281 0.022714 0.035081
0 0.663468 0.855518 0.025095 0.035081
0 0.655738 0.688057 0.021525 0.036666
0 0.589138 0.689645 0.026284 0.033491
0 0.564758 0.587264 0.020337 0.035078
0 0.542162 0.488851 0.025093 0.035078
0 0.518377 0.397582 0.020337 0.030316
0 0.495186 0.309487 0.021527 0.035081
0 0.473778 0.226153 0.019148 0.030319
0 0.826993 0.411073 0.023903 0.038253
0 0.462481 0.480121 0.013201 0.020794
0 0.459508 0.468217 0.009633 0.016034
0 0.455939 0.456312 0.009633 0.017619
0 0.789531 0.193613 0.029850 0.038253
0 0.671198 0.153137 0.028661 0.033493
0 0.561190 0.095201 0.027472 0.035078
0 0.471401 0.036471 0.023903 0.031906
