0 0.677145 0.150756 0.021525 0.060475
0 0.454156 0.220598 0.025093 0.038253
0 0.145540 0.042821 0.019148 0.022381
0 0.086076 0.127740 0.021527 0.027144
0 0.039694 0.170598 0.023903 0.023966
0 0.021854 0.196006 0.019148 0.027149
0 0.402422 0.407106 0.026284 0.039843
0 0.282306 0.274565 0.019146 0.019206
0 0.213922 0.365042 0.020337 0.028729
0 0.153864 0.447582 0.021527 0.028729
0 0.096185 0.526946 0.025093 0.031906
0 0.052776 0.590440 0.021525 0.022381
0 0.182406 0.710279 0.038176 0.039841
0 0.149702 0.947582 0.029850 0.041428
