0 0.026017 0.859487 0.022716 0.036668
0 0.395287 0.764249 0.028661 0.030319
0 0.355446 0.492026 0.025093 0.028729
0 0.329876 0.191232 0.035797 0.033491
0 0.074183 0.630915 0.021525 0.027144
0 0.020071 0.638059 0.020335 0.025556
0 0.011152 0.707899 0.019148 0.025556
0 0.177055 0.923773 0.025095 0.041428
0 0.649197 0.919010 0.022716 0.041428
0 0.960191 0.909487 0.023905 0.031906
0 0.542162 0.406312 0.032229 0.041431
0 0.618276 0.257899 0.020335 0.033493
0 0.518972 0.212661 0.019148 0.038253
0 0.894782 0.123771 0.021527 0.028731
0 0.842454 0.061074 0.021525 0.030319
0 0.153269 0.140440 0.020337 0.030319
0 0.055154 0.130121 0.019146 0.028731
