0 0.879916 0.553931 0.017956 0.022381
0 0.686659 0.984884 0.026284 0.027144
0 0.702714 0.933296 0.015580 0.025556
0 0.711039 0.866629 0.022714 0.028729
0 0.725905 0.790440 0.016769 0.022381
0 0.878132 0.981709 0.023903 0.027144
0 0.796072 0.953931 0.023905 0.025556
0 0.736609 0.676154 0.031040 0.035078
0 0.779422 0.594407 0.021527 0.036666
0 0.881105 0.606312 0.022714 0.025556
0 0.449399 0.372185 0.025093 0.033491
0 0.502321 0.388057 0.033419 0.036666
0 0.568326 0.435677 0.025095 0.036668
0 0.553460 0.497582 0.023905 0.033491
0 0.506484 0.532503 0.025093 0.027144
0 0.464265 0.558693 0.021527 0.025556
0 0.480320 0.615042 0.022716 0.036666
0 0.444642 0.668217 0.022716 0.025554
0 0.452372 0.758693 0.031040 0.035081
0 0.542757 0.892026 0.026282 0.035078
0 0.332255 0.715835 0.028661 0.031903
0 0.313822 0.603931 0.022716 0.030319
0 0.223437 0.792820 0.027472 0.033491
0 0.143755 0.824566 0.039366 0.030316
0 0.067047 0.706312 0.023905 0.031906
0 0.049802 0.085677 0.027472 0.031906
0 0.127105 0.013514 0.029850 0.027027
