0 0.844832 0.300756 0.026282 0.030319
0 0.543351 0.947581 0.020335 0.022381
0 0.574867 0.930121 0.016769 0.025556
0 0.621843 0.822185 0.017958 0.025554
0 0.593896 0.115043 0.023905 0.027144
0 0.891214 0.530915 0.023905 0.027144
0 0.438695 0.036471 0.027473 0.028731
0 0.775854 0.094407 0.023905 0.027141
0 0.631358 0.785677 0.017958 0.022381
0 0.743150 0.617424 0.020337 0.019206
0 0.978031 0.795201 0.023903 0.035078
0 0.967922 0.901550 0.025095 0.031906
0 0.891214 0.932503 0.021527 0.027144
0 0.842454 0.972185 0.023903 0.033491
0 0.638492 0.734090 0.017958 0.027144
0 0.738392 0.071390 0.020337 0.022381
0 0.951272 0.362662 0.032229 0.020794
0 0.791909 0.333296 0.025095 0.035081
0 0.876348 0.383296 0.020337 0.033493
0 0.953056 0.424565 0.026282 0.030319
0 0.774070 0.407106 0.020337 0.027144
0 0.856725 0.451550 0.023905 0.030319
0 0.932243 0.493613 0.027472 0.028729
0 0.704498 0.055518 0.021527 0.025556
0 0.116996 0.923773 0.023905 0.028729
0 0.166351 0.912662 0.022714 0.028731
0 0.231167 0.924566 0.023905 0.033491
0 0.243060 0.980915 0.021525 0.025556
