0 0.479131 0.559487 0.020337 0.030319
0 0.294794 0.163456 0.020337 0.028731
0 0.596868 0.414248 0.025093 0.038253
0 0.636115 0.257106 0.020335 0.031906
0 0.565947 0.085677 0.015580 0.016031
0 0.549297 0.060281 0.015580 0.022381
0 0.803802 0.065837 0.020335 0.020794
0 0.694389 0.479328 0.025093 0.035081
0 0.744339 0.553931 0.022716 0.028731
0 0.731257 0.826153 0.020335 0.030319
0 0.865645 0.762662 0.025093 0.020794
0 0.979814 0.647582 0.017958 0.035078
0 0.931650 0.257899 0.021527 0.036668
0 0.804991 0.419804 0.022714 0.033491
