0 0.567731 0.558693 0.021527 0.041431
0 0.590922 0.486470 0.020337 0.036666
0 0.659901 0.487265 0.027472 0.031906
0 0.669415 0.655518 0.020337 0.038256
0 0.733041 0.810279 0.023903 0.039841
0 0.829966 0.219804 0.025095 0.046191
0 0.571299 0.388057 0.019148 0.036666
0 0.545730 0.290439 0.022714 0.031903
0 0.521944 0.200757 0.022714 0.033491
0 0.501727 0.117423 0.020337 0.028729
0 0.477941 0.039645 0.020337 0.031903
0 0.316201 0.039646 0.017958 0.028731
0 0.322146 0.934090 0.020337 0.030319
0 0.267439 0.963456 0.025095 0.031906
0 0.460102 0.249166 0.010822 0.016026
0 0.464265 0.264249 0.009633 0.014444
0 0.465455 0.274565 0.012011 0.019206
0 0.561190 0.730121 0.022714 0.035081
0 0.376852 0.891232 0.017958 0.033491
0 0.215112 0.753137 0.022716 0.036668
0 0.477347 0.732503 0.021527 0.039843
0 0.564758 0.925359 0.020337 0.028731
0 0.528486 0.630121 0.023903 0.038256
