0 0.031369 0.981709 0.019148 0.033493
0 0.701525 0.557899 0.020337 0.027144
0 0.737203 0.534884 0.017958 0.035081
0 0.595680 0.725360 0.017958 0.041428
0 0.539784 0.032503 0.015580 0.027144
0 0.564758 0.014249 0.017958 0.019206
0 0.768719 0.867424 0.019146 0.020794
0 0.782396 0.915835 0.017958 0.028729
0 0.666441 0.581709 0.016769 0.023969
0 0.926297 0.235677 0.027473 0.030319
0 0.498159 0.020598 0.015580 0.031903
0 0.617086 0.933296 0.022714 0.041431
0 0.973868 0.484884 0.036987 0.033493
0 0.372690 0.018217 0.026282 0.030316
0 0.515998 0.309487 0.020337 0.028731
