0 0.379231 0.881709 0.022716 0.030319
0 0.042072 0.955518 0.021527 0.019206
0 0.034343 0.888852 0.017958 0.028731
0 0.092022 0.946787 0.021525 0.023969
0 0.081913 0.909487 0.015580 0.019206
0 0.097968 0.888059 0.019148 0.020794
0 0.144350 0.867424 0.021527 0.020794
0 0.200841 0.796788 0.020337 0.025554
0 0.120564 0.692026 0.028663 0.031903
0 0.077155 0.203137 0.020337 0.031906
0 0.028396 0.133296 0.017958 0.028731
0 0.021260 0.038851 0.022714 0.036666
0 0.157432 0.027740 0.023905 0.023969
0 0.771691 0.039645 0.020337 0.031903
