0 0.551676 0.414248 0.015580 0.031903
0 0.408964 0.830915 0.017958 0.023969
0 0.383989 0.798375 0.015580 0.025556
0 0.367934 0.770598 0.016769 0.023966
0 0.341174 0.768218 0.013201 0.019206
0 0.363176 0.725359 0.012011 0.022381
0 0.094994 0.569010 0.015580 0.023966
0 0.060507 0.743613 0.029850 0.030316
0 0.267439 0.431709 0.022716 0.025556
0 0.316201 0.378534 0.017958 0.027144
0 0.498754 0.588059 0.021527 0.030319
0 0.722932 0.910281 0.020337 0.023969
0 0.878132 0.946787 0.021525 0.020794
0 0.961975 0.902343 0.017958 0.030319
0 0.929866 0.535676 0.025095 0.039841
0 0.586759 0.550756 0.016769 0.031906
0 0.572489 0.523773 0.019148 0.031903
0 0.288847 0.061074 0.017958 0.030319
0 0.202030 0.167423 0.020337 0.030316
0 0.125322 0.260281 0.023905 0.031906
0 0.162784 0.397582 0.020337 0.036666
0 0.205598 0.391234 0.015578 0.020794
0 0.224626 0.363456 0.017956 0.028731
0 0.248411 0.334090 0.015580 0.027144
0 0.366150 0.168217 0.022716 0.041428
