0 0.427991 0.142820 0.022714 0.028729
0 0.451777 0.022979 0.022714 0.043016
0 0.413126 0.075359 0.021525 0.030319
0 0.268629 0.355518 0.027473 0.025556
0 0.199057 0.186471 0.021527 0.030319
0 0.056344 0.114249 0.019146 0.025556
0 0.119376 0.196787 0.035797 0.019206
0 0.834723 0.284090 0.022716 0.031906
0 0.776449 0.329328 0.025095 0.027144
0 0.733041 0.415835 0.028661 0.031903
0 0.661684 0.357899 0.023905 0.030319
0 0.675361 0.300757 0.022714 0.033491
0 0.682496 0.233296 0.020337 0.028731
0 0.693795 0.149963 0.019146 0.036666
0 0.510051 0.449170 0.022716 0.031903
0 0.055154 0.602345 0.031040 0.049366
0 0.194300 0.607106 0.033419 0.046188
0 0.731851 0.898376 0.023903 0.031903
0 0.837102 0.881709 0.020337 0.036668
0 0.936406 0.875360 0.023903 0.033491
0 0.898349 0.830121 0.023903 0.028731
0 0.576056 0.726153 0.028661 0.030319
0 0.563568 0.613454 0.017958 0.036666
0 0.898349 0.513456 0.012013 0.027144
0 0.513619 0.258693 0.022716 0.035081
0 0.956624 0.495995 0.023903 0.033491
0 0.990770 0.467423 0.018460 0.027141
0 0.985761 0.410279 0.027473 0.039841
0 0.927487 0.384090 0.027473 0.031906
0 0.865645 0.379328 0.025093 0.031906
