0 0.203813 0.480121 0.026282 0.027144
0 0.439290 0.976153 0.016769 0.022381
0 0.304307 0.028534 0.020337 0.022381
0 0.241277 0.076946 0.017958 0.020794
0 0.215112 0.154724 0.017958 0.020794
0 0.193110 0.141234 0.016769 0.019206
0 0.144945 0.199168 0.017958 0.017619
0 0.096779 0.750756 0.028661 0.022381
0 0.048019 0.588059 0.028663 0.023969
0 0.128889 0.388852 0.028661 0.025556
0 0.097968 0.258693 0.021527 0.016031
0 0.124727 0.272978 0.017958 0.022381
0 0.047424 0.312662 0.017958 0.019206
0 0.047424 0.394407 0.013201 0.020791
0 0.343554 0.217424 0.032229 0.022381
0 0.247816 0.190439 0.016769 0.028729
