0 0.437506 0.030121 0.017958 0.028731
0 0.664062 0.099170 0.023905 0.039841
0 0.060507 0.792820 0.027472 0.030316
0 0.268034 0.848376 0.023905 0.030316
0 0.330472 0.766630 0.020337 0.025556
0 0.219868 0.965043 0.029850 0.022381
0 0.282901 0.951551 0.025093 0.036666
0 0.327498 0.903931 0.021527 0.036668
0 0.401828 0.925359 0.025095 0.028731
0 0.606383 0.832503 0.025095 0.033493
0 0.719364 0.867423 0.020337 0.033491
0 0.497564 0.763454 0.038174 0.092222
0 0.517781 0.673771 0.035797 0.074762
0 0.533242 0.612661 0.038174 0.050953
0 0.571299 0.553931 0.045311 0.076350
0 0.025422 0.287264 0.023905 0.047778
0 0.089048 0.164248 0.027472 0.033491
0 0.236519 0.225360 0.022716 0.035078
0 0.415504 0.268217 0.019148 0.028729
0 0.591517 0.345201 0.021527 0.043016
0 0.757420 0.509487 0.022716 0.035081
0 0.892998 0.703932 0.025095 0.043016
0 0.926297 0.719804 0.022716 0.030316
0 0.958407 0.584090 0.020337 0.031906
0 0.989330 0.426946 0.020337 0.031906
0 0.918567 0.330915 0.023903 0.027144
0 0.618276 0.084090 0.020335 0.031906
0 0.574273 0.070598 0.022716 0.027141
0 0.530864 0.054724 0.021527 0.036668
0 0.483887 0.043613 0.022714 0.030316
