0 0.263872 0.966629 0.020335 0.031903
0 0.053965 0.926153 0.021525 0.030319
0 0.498813 0.978613 0.023786 0.039684
0 0.497564 0.888851 0.014390 0.031903
0 0.260899 0.877740 0.019146 0.028731
0 0.933433 0.939645 0.027472 0.031903
0 0.873375 0.795201 0.019148 0.025554
0 0.779422 0.695995 0.014390 0.036666
0 0.752069 0.853137 0.021525 0.027144
0 0.643845 0.688851 0.021527 0.031903
0 0.584382 0.713454 0.026282 0.033491
0 0.513025 0.752343 0.021527 0.028731
0 0.455345 0.755518 0.025095 0.031906
0 0.421451 0.804724 0.021527 0.022381
0 0.355446 0.773773 0.022714 0.030316
0 0.274576 0.751550 0.015580 0.027144
0 0.209165 0.737265 0.017958 0.023969
0 0.170514 0.726946 0.021525 0.025556
0 0.043857 0.665043 0.015581 0.035081
0 0.053965 0.657106 0.019146 0.022381
0 0.029585 0.576153 0.022716 0.025556
0 0.085481 0.707106 0.022716 0.030319
0 0.085481 0.642820 0.020337 0.031903
0 0.034937 0.315043 0.016769 0.027144
0 0.042667 0.223773 0.017958 0.035078
0 0.049208 0.081709 0.019148 0.023969
0 0.064074 0.061074 0.017958 0.030319
0 0.089643 0.030915 0.023903 0.030319
0 0.122348 0.243613 0.020337 0.030316
0 0.186569 0.256312 0.020335 0.027144
0 0.256737 0.273771 0.022716 0.023969
0 0.201435 0.309487 0.023903 0.028731
0 0.309659 0.331709 0.021527 0.028731
0 0.354851 0.289645 0.023903 0.030316
0 0.332256 0.149170 0.019148 0.031903
0 0.370906 0.345995 0.022714 0.031903
0 0.381610 0.303137 0.017958 0.031906
0 0.433938 0.388852 0.013201 0.016031
0 0.451183 0.392027 0.019146 0.022381
0 0.455939 0.321392 0.019148 0.027141
0 0.493996 0.319804 0.019148 0.023966
0 0.601031 0.359487 0.021525 0.027144
0 0.613519 0.350756 0.020337 0.025556
0 0.677739 0.379328 0.020337 0.028731
0 0.790125 0.407899 0.021527 0.028731
0 0.794288 0.664249 0.020337 0.030319
0 0.863265 0.642027 0.013201 0.020794
0 0.980409 0.649962 0.016769 0.020794
0 0.970896 0.439645 0.016769 0.041428
0 0.754448 0.255518 0.028661 0.041431
0 0.763367 0.125359 0.020337 0.031906
