0 0.026612 0.048375 0.019148 0.027144
0 0.358419 0.911074 0.019148 0.025556
0 0.487455 0.914248 0.025093 0.038253
0 0.659901 0.725360 0.029850 0.038253
0 0.781800 0.575360 0.035797 0.036666
0 0.955435 0.885677 0.035797 0.031906
0 0.831155 0.950756 0.013201 0.022381
0 0.816290 0.847581 0.016769 0.025556
0 0.392908 0.799168 0.016767 0.020794
0 0.368528 0.603931 0.015580 0.023969
0 0.320362 0.499962 0.016769 0.025556
0 0.129484 0.796787 0.017956 0.019206
0 0.087860 0.725359 0.022716 0.025556
0 0.015909 0.656312 0.019148 0.027144
0 0.212138 0.290439 0.023905 0.038253
0 0.582597 0.373771 0.017958 0.020794
0 0.659305 0.608693 0.021527 0.030319
0 0.986012 0.228534 0.027975 0.031906
0 0.978031 0.501550 0.033419 0.031906
0 0.630763 0.166630 0.021527 0.022381
0 0.548108 0.101550 0.015580 0.022381
0 0.301334 0.157899 0.021525 0.033493
0 0.147324 0.159487 0.017958 0.027144
0 0.085481 0.224565 0.020337 0.023969
0 0.049803 0.166630 0.017958 0.016031
0 0.009173 0.330121 0.018347 0.028731
0 0.183596 0.110281 0.021525 0.027144
0 0.191920 0.074565 0.019148 0.025556
0 0.218085 0.043613 0.023905 0.027141
0 0.263277 0.395995 0.021525 0.027141
