0 0.275765 0.182503 0.017958 0.019206
0 0.128295 0.614249 0.022714 0.025556
0 0.099157 0.811868 0.021527 0.027144
0 0.371502 0.476153 0.019148 0.025556
0 0.312038 0.370598 0.023905 0.030316
0 0.309659 0.071392 0.016769 0.028729
0 0.168135 0.086470 0.026282 0.036666
0 0.028990 0.285677 0.033419 0.031906
0 0.505889 0.284090 0.021525 0.038256
0 0.444047 0.571392 0.019148 0.038253
0 0.507673 0.669804 0.020335 0.022379
0 0.529674 0.930915 0.016769 0.023969
0 0.416098 0.980121 0.017958 0.027144
0 0.557623 0.859487 0.020337 0.030319
0 0.595085 0.807899 0.019148 0.028731
0 0.750285 0.926946 0.017956 0.022381
0 0.763367 0.922978 0.017958 0.020794
0 0.781206 0.946787 0.015580 0.023969
0 0.843642 0.876153 0.014390 0.022381
0 0.832345 0.978534 0.013201 0.020794
0 0.854943 0.945996 0.017955 0.022376
0 0.880510 0.912662 0.016767 0.025556
0 0.961975 0.901550 0.013201 0.019206
0 0.946515 0.880121 0.013201 0.017619
0 0.932244 0.857106 0.013201 0.019206
0 0.923919 0.842027 0.010822 0.020794
0 0.958407 0.681709 0.013201 0.023969
0 0.960191 0.725359 0.016769 0.028731
0 0.937000 0.652343 0.015580 0.022381
0 0.919161 0.626946 0.013201 0.012856
0 0.913216 0.611074 0.015580 0.019206
0 0.989330 0.512662 0.020337 0.025556
0 0.744933 0.617423 0.023903 0.041428
0 0.707472 0.279328 0.017958 0.019206
0 0.807964 0.125360 0.019148 0.035078
0 0.612924 0.216630 0.016769 0.020794
0 0.561190 0.146787 0.017956 0.023969
