0 0.262683 0.289645 0.020335 0.033491
0 0.106888 0.788852 0.020337 0.028731
0 0.133647 0.603931 0.023903 0.036668
0 0.024828 0.411074 0.017958 0.022381
0 0.306686 0.474566 0.022716 0.031903
0 0.415504 0.170598 0.021527 0.033491
0 0.331066 0.084884 0.019148 0.023969
0 0.021260 0.255518 0.025093 0.028731
0 0.023044 0.150756 0.023905 0.025556
0 0.039099 0.024566 0.027472 0.036666
0 0.793098 0.872185 0.022716 0.033491
0 0.736013 0.757899 0.020337 0.033493
0 0.799045 0.720598 0.015580 0.031903
0 0.948894 0.729328 0.022716 0.033493
0 0.873375 0.623773 0.019148 0.038253
0 0.825209 0.427740 0.020335 0.036668
0 0.587949 0.480915 0.023905 0.028731
