0 0.299550 0.814249 0.034608 0.025556
0 0.308470 0.556312 0.033420 0.027144
0 0.319173 0.261868 0.033419 0.019206
0 0.183002 0.016687 0.020337 0.033375
0 0.616491 0.863454 0.021525 0.035078
0 0.727094 0.978534 0.026282 0.033493
0 0.955435 0.923773 0.026282 0.035078
0 0.731851 0.794407 0.021525 0.033491
0 0.758610 0.667423 0.020337 0.036666
0 0.812722 0.506312 0.021527 0.038256
0 0.966733 0.414248 0.039364 0.035078
0 0.782396 0.292026 0.022716 0.031903
0 0.671198 0.233296 0.023903 0.035081
0 0.556433 0.188851 0.027472 0.031903
0 0.833534 0.083296 0.027473 0.027144
0 0.961381 0.052343 0.021527 0.031906
0 0.341770 0.012662 0.028661 0.022381
