0 0.304307 0.826946 0.020337 0.025556
0 0.274576 0.912662 0.017958 0.019206
0 0.187164 0.756312 0.019146 0.020794
0 0.065263 0.755518 0.022716 0.019206
0 0.018882 0.854724 0.020335 0.030319
0 0.193705 0.607899 0.017958 0.025556
0 0.101536 0.573771 0.019148 0.027144
0 0.018882 0.435677 0.017956 0.027144
0 0.235924 0.426153 0.016769 0.023969
0 0.159216 0.399962 0.020337 0.025556
0 0.076562 0.299962 0.021525 0.022381
0 0.781801 0.722185 0.019148 0.044603
0 0.529080 0.690439 0.020337 0.041428
0 0.810344 0.653137 0.031040 0.020794
0 0.733041 0.470598 0.028661 0.023966
0 0.843636 0.203141 0.026288 0.038258
0 0.936406 0.112661 0.031040 0.038253
0 0.752069 0.019069 0.026282 0.038137
0 0.699146 0.249168 0.025095 0.028731
0 0.483294 0.204726 0.014390 0.044603
0 0.293009 0.259486 0.023905 0.043016
0 0.112240 0.211074 0.026282 0.031906
0 0.046889 0.166709 0.016650 0.022224
0 0.056997 0.123057 0.022597 0.033334
0 0.084351 0.024645 0.020218 0.033334
0 0.271067 0.039724 0.017839 0.038094
0 0.266310 0.128613 0.015460 0.031747
0 0.502381 0.128613 0.011894 0.038097
0 0.504165 0.030995 0.015462 0.036509
0 0.919757 0.334884 0.033419 0.022381
