0 0.307875 0.625359 0.017958 0.025556
0 0.379826 0.337265 0.023905 0.020794
0 0.351879 0.223773 0.020337 0.031903
0 0.105104 0.456312 0.019148 0.030319
0 0.084292 0.376946 0.020337 0.020794
0 0.021854 0.292026 0.021527 0.035078
0 0.767529 0.738057 0.023903 0.041428
0 0.436911 0.658693 0.021527 0.041431
0 0.898944 0.814248 0.044123 0.035078
0 0.782395 0.438851 0.029850 0.036666
0 0.639682 0.538057 0.020337 0.038253
0 0.626600 0.193613 0.017958 0.028729
0 0.706282 0.018217 0.017958 0.030316
0 0.364960 0.526153 0.022716 0.020794
