0 0.679523 0.745993 0.014390 0.019206
0 0.665847 0.744407 0.013201 0.022379
0 0.646223 0.748375 0.016769 0.023969
0 0.627195 0.746787 0.016769 0.023969
0 0.601030 0.743615 0.014390 0.020794
0 0.567731 0.773773 0.021527 0.030316
0 0.573083 0.691232 0.015580 0.027141
0 0.615302 0.664249 0.021525 0.027144
0 0.658710 0.669804 0.017958 0.028729
0 0.689038 0.673773 0.021527 0.030316
0 0.708661 0.628534 0.015580 0.025556
0 0.963759 0.807899 0.035795 0.031906
0 0.967921 0.541234 0.029850 0.025556
0 0.971490 0.291232 0.022714 0.033491
0 0.786558 0.274565 0.021525 0.028731
0 0.691416 0.217423 0.021525 0.028729
0 0.508863 0.346788 0.022714 0.030316
0 0.570705 0.835677 0.017958 0.033493
0 0.449399 0.453137 0.020335 0.023969
0 0.319173 0.426946 0.023903 0.025556
0 0.141377 0.342820 0.022716 0.035078
0 0.159216 0.205518 0.022716 0.020794
0 0.540973 0.866630 0.020335 0.025556
0 0.413721 0.854724 0.022714 0.023969
0 0.606977 0.855518 0.021527 0.028731
0 0.684875 0.819804 0.025095 0.033491
