0 0.847210 0.064248 0.019148 0.030316
0 0.767529 0.063456 0.021525 0.028731
0 0.321552 0.920598 0.033419 0.028729
0 0.332849 0.675359 0.027472 0.027144
0 0.328687 0.368217 0.026284 0.025554
0 0.323931 0.100756 0.035797 0.030319
0 0.118780 0.186471 0.022716 0.030319
0 0.168135 0.629328 0.026282 0.027144
0 0.081318 0.567423 0.023905 0.030316
0 0.506484 0.572185 0.022714 0.033491
0 0.551081 0.792026 0.021527 0.031903
0 0.665252 0.830121 0.019148 0.031906
0 0.772286 0.879328 0.023905 0.028731
0 0.850184 0.924566 0.020337 0.033491
0 0.866833 0.768217 0.015580 0.028729
0 0.854347 0.742820 0.019148 0.028729
0 0.838292 0.662662 0.022716 0.033493
0 0.818669 0.580121 0.016769 0.030319
0 0.794288 0.489645 0.020337 0.033491
0 0.770502 0.392820 0.020337 0.033491
0 0.746122 0.294407 0.021525 0.036666
0 0.681902 0.292820 0.021527 0.027141
0 0.766340 0.222185 0.021525 0.035078
0 0.801423 0.155518 0.022714 0.031906
