0 0.573678 0.853931 0.021527 0.038256
0 0.988986 0.934089 0.022028 0.043016
0 0.721742 0.615042 0.015580 0.033491
0 0.538595 0.280121 0.013201 0.030319
0 0.944136 0.186471 0.017958 0.027144
0 0.884078 0.159487 0.019148 0.030319
0 0.802613 0.210281 0.022714 0.033493
0 0.734230 0.245201 0.023903 0.030316
0 0.678334 0.277740 0.026282 0.031906
0 0.327498 0.338059 0.026284 0.031906
0 0.247816 0.445201 0.021527 0.030316
0 0.342365 0.553137 0.032229 0.033493
0 0.218679 0.530915 0.027472 0.030319
0 0.109266 0.510281 0.039366 0.036668
0 0.145539 0.760281 0.026282 0.031906
0 0.078940 0.727740 0.026282 0.030319
0 0.018882 0.701550 0.025093 0.025556
0 0.116996 0.834884 0.014390 0.028731
0 0.077750 0.814248 0.021527 0.031903
0 0.039693 0.799962 0.019148 0.025556
0 0.007389 0.780121 0.014778 0.033493
0 0.111050 0.365835 0.028661 0.030316
0 0.275764 0.273771 0.027472 0.027144
0 0.448804 0.186470 0.021525 0.039841
0 0.575462 0.129328 0.020337 0.033493
0 0.818668 0.084884 0.026282 0.033493
0 0.379231 0.035677 0.020337 0.036668
0 0.203219 0.164248 0.025093 0.033491
0 0.456534 0.340439 0.022716 0.033491
0 0.531458 0.311074 0.020337 0.025556
0 0.125916 0.134884 0.025093 0.028731
0 0.207382 0.061868 0.021525 0.028731
0 0.210949 0.024565 0.019148 0.023969
0 0.981598 0.778535 0.026284 0.039841
0 0.188947 0.023771 0.015580 0.025556
0 0.165758 0.022184 0.016769 0.025556
0 0.964354 0.652343 0.017958 0.035081
0 0.950083 0.601550 0.017958 0.025556
0 0.893593 0.564249 0.016769 0.020794
0 0.875159 0.561868 0.020337 0.022381
0 0.933433 0.641232 0.022714 0.035078
0 0.840076 0.634884 0.014390 0.031906
0 0.583787 0.722979 0.025093 0.036666
0 0.231761 0.045995 0.017958 0.028729
0 0.256737 0.045201 0.020337 0.036666
