0 0.408368 0.723771 0.026282 0.025556
0 0.373285 0.473771 0.025093 0.020794
0 0.331660 0.201550 0.027472 0.022381
0 0.155648 0.286471 0.017958 0.027144
0 0.656927 0.883296 0.023903 0.039843
0 0.686659 0.699963 0.019148 0.031903
0 0.728878 0.553137 0.020335 0.030319
0 0.881105 0.613454 0.022714 0.033491
0 0.817479 0.522185 0.021527 0.031903
0 0.884078 0.494407 0.019148 0.027141
0 0.767529 0.399170 0.021525 0.030316
0 0.744338 0.207106 0.025093 0.039843
0 0.892998 0.280915 0.020337 0.031906
0 0.923919 0.303931 0.022716 0.027144
0 0.939380 0.049168 0.022714 0.028731
0 0.743150 0.019069 0.022716 0.038137
0 0.631952 0.074565 0.026282 0.028731
