0 0.177055 0.886471 0.015580 0.023969
0 0.124727 0.947581 0.017958 0.022381
0 0.224626 0.830915 0.013203 0.020794
0 0.930460 0.902345 0.023905 0.036666
0 0.802018 0.903931 0.023903 0.027144
0 0.714606 0.912662 0.017958 0.022381
0 0.690822 0.877740 0.017958 0.028731
0 0.657521 0.828534 0.015580 0.025556
0 0.568326 0.805518 0.020337 0.027144
0 0.529674 0.746787 0.021527 0.023969
0 0.363771 0.666630 0.017958 0.022381
0 0.375069 0.569804 0.028661 0.035078
0 0.296577 0.457106 0.021525 0.025556
0 0.209165 0.567423 0.020337 0.027141
0 0.137809 0.653931 0.020337 0.025556
0 0.177055 0.791232 0.022716 0.030316
0 0.283495 0.829328 0.023903 0.023969
0 0.334634 0.699168 0.023903 0.027144
0 0.303712 0.736471 0.021527 0.022381
0 0.264466 0.737265 0.014390 0.017619
0 0.243060 0.761074 0.014392 0.017619
0 0.221653 0.786471 0.012011 0.017619
0 0.420856 0.973771 0.015580 0.020794
0 0.398854 0.944407 0.012011 0.025554
0 0.378636 0.918217 0.014390 0.023966
0 0.199057 0.857106 0.019148 0.025556
