0 0.094995 0.692026 0.027472 0.031903
0 0.201435 0.716629 0.023903 0.030316
0 0.265061 0.922185 0.020337 0.035078
0 0.580813 0.843613 0.028661 0.030316
0 0.388152 0.593613 0.023905 0.025554
0 0.396476 0.853137 0.023903 0.027144
0 0.370312 0.307106 0.028661 0.023969
0 0.361987 0.055518 0.026284 0.035081
0 0.696767 0.439645 0.020337 0.035078
0 0.741366 0.441232 0.021527 0.031903
0 0.646818 0.483296 0.020337 0.033493
0 0.777044 0.413456 0.019148 0.030319
0 0.759205 0.361074 0.016769 0.023969
0 0.731256 0.359487 0.015580 0.020794
0 0.713417 0.359487 0.013201 0.020794
0 0.671199 0.287265 0.019148 0.031906
0 0.737797 0.249168 0.016769 0.025556
0 0.759799 0.223771 0.015580 0.019206
0 0.916188 0.237265 0.021525 0.027144
