0 0.447615 0.163456 0.023903 0.028731
0 0.057533 0.302343 0.021525 0.023969
0 0.124132 0.399962 0.035797 0.025556
0 0.068237 0.803931 0.023905 0.058888
0 0.206787 0.816629 0.029850 0.039841
0 0.276360 0.560281 0.019148 0.025556
0 0.524918 0.468217 0.026282 0.047778
0 0.438100 0.343613 0.026284 0.036666
0 0.463075 0.213454 0.026282 0.046191
0 0.525512 0.668217 0.025093 0.041428
0 0.576652 0.836470 0.017958 0.041428
0 0.302524 0.777740 0.026282 0.028731
0 0.672982 0.572979 0.022714 0.035078
0 0.741366 0.630915 0.021527 0.030319
0 0.687254 0.513454 0.020337 0.039841
0 0.696767 0.445201 0.022716 0.036666
0 0.709255 0.361073 0.021525 0.039841
0 0.714606 0.244407 0.020337 0.028729
0 0.787747 0.542026 0.019146 0.030316
0 0.849589 0.499963 0.023905 0.041428
0 0.872779 0.586470 0.029850 0.043016
0 0.937001 0.589645 0.022714 0.036666
0 0.990770 0.611074 0.018460 0.031906
0 0.990770 0.669804 0.018460 0.041428
0 0.961975 0.697582 0.022716 0.033491
0 0.904296 0.721392 0.028661 0.043016
0 0.947705 0.156312 0.017958 0.020794
0 0.966138 0.112661 0.023905 0.038253
0 0.856725 0.142820 0.021527 0.028729
0 0.759205 0.174565 0.016769 0.025556
0 0.489240 0.138852 0.021525 0.027144
0 0.538000 0.106312 0.019148 0.031906
0 0.548703 0.051550 0.021527 0.030319
0 0.425614 0.265043 0.020337 0.025556
0 0.298361 0.211074 0.020335 0.025556
