0 0.556434 0.024565 0.015580 0.030319
0 0.836507 0.945201 0.038176 0.030316
0 0.718770 0.692026 0.031040 0.028729
0 0.590328 0.476153 0.023905 0.022381
0 0.464859 0.239645 0.025093 0.041428
0 0.537405 0.130121 0.017958 0.022381
0 0.353067 0.022978 0.022714 0.027144
0 0.785963 0.453138 0.032229 0.039841
0 0.796667 0.307899 0.017958 0.022381
0 0.766936 0.251550 0.015580 0.023969
0 0.698551 0.258693 0.019148 0.025556
0 0.639682 0.312662 0.017958 0.022381
0 0.766340 0.198375 0.021525 0.022381
0 0.835318 0.136471 0.016769 0.025556
0 0.902511 0.077740 0.015580 0.028731
