0 0.681902 0.684882 0.028663 0.043016
0 0.195489 0.876154 0.023905 0.038253
0 0.050398 0.245995 0.021527 0.035078
0 0.449458 0.822973 0.032110 0.039853
0 0.502321 0.857899 0.023903 0.033493
0 0.400044 0.577740 0.028663 0.031906
0 0.356041 0.318217 0.026282 0.033491
0 0.323931 0.058693 0.028661 0.038256
0 0.798451 0.945995 0.047689 0.073172
0 0.835318 0.892820 0.028663 0.049366
0 0.847806 0.838059 0.032229 0.063650
0 0.869807 0.752345 0.050068 0.092222
0 0.788937 0.712661 0.033419 0.044603
0 0.938785 0.506312 0.021525 0.041431
0 0.615302 0.488851 0.026282 0.044603
