0 0.874564 0.685677 0.019148 0.025556
0 0.947705 0.610281 0.015580 0.030319
0 0.931055 0.539645 0.022716 0.031903
0 0.447020 0.204724 0.029850 0.028731
0 0.555839 0.147582 0.016769 0.031903
0 0.104509 0.822184 0.020337 0.022381
0 0.492212 0.054724 0.017958 0.023969
0 0.689037 0.195201 0.028661 0.028729
0 0.990175 0.305518 0.019650 0.033493
0 0.516652 0.982561 0.023786 0.034879
0 0.304366 0.969862 0.032112 0.060276
0 0.504700 0.494407 0.026282 0.030316
0 0.249006 0.814248 0.023905 0.050953
0 0.575462 0.545995 0.022716 0.031903
0 0.328093 0.649963 0.027473 0.036666
0 0.553460 0.707106 0.031042 0.033493
0 0.756231 0.549962 0.020337 0.030319
