0 0.656331 0.053932 0.015580 0.041428
0 0.099157 0.847582 0.026284 0.028729
0 0.319768 0.812662 0.022714 0.031906
0 0.564164 0.807106 0.023903 0.043018
0 0.816290 0.835676 0.019148 0.049366
0 0.755636 0.694407 0.021527 0.030316
0 0.520755 0.665042 0.025093 0.038253
0 0.325119 0.652345 0.026284 0.041428
0 0.159216 0.680915 0.022716 0.025556
0 0.034937 0.605518 0.021525 0.023969
0 0.142566 0.572978 0.017958 0.025556
0 0.263277 0.526946 0.026282 0.028731
0 0.007389 0.363456 0.014778 0.025556
0 0.066453 0.388852 0.015580 0.016031
0 0.125917 0.411074 0.017958 0.035081
0 0.184190 0.429328 0.020335 0.030319
0 0.247222 0.452343 0.020337 0.031906
0 0.312038 0.480915 0.021527 0.025556
0 0.378636 0.501550 0.016769 0.025556
0 0.447021 0.517424 0.013201 0.019206
0 0.516593 0.534090 0.012011 0.020794
0 0.586759 0.549962 0.016769 0.027144
0 0.657521 0.587265 0.017958 0.025556
0 0.520161 0.564249 0.016769 0.017619
0 0.386367 0.545993 0.017958 0.022381
0 0.054560 0.285676 0.020335 0.038253
0 0.094401 0.298375 0.021525 0.025556
0 0.130079 0.309487 0.021525 0.031906
0 0.169920 0.322978 0.020335 0.027144
0 0.210355 0.334884 0.027472 0.035081
0 0.250790 0.350756 0.020337 0.028731
0 0.681308 0.418217 0.034608 0.033491
0 0.814506 0.595995 0.034606 0.027141
0 0.755043 0.357106 0.034608 0.031906
0 0.589733 0.180123 0.025095 0.046191
0 0.427398 0.099170 0.016769 0.043016
0 0.259115 0.058692 0.020335 0.041428
0 0.572489 0.219010 0.016769 0.022379
0 0.549297 0.207899 0.017958 0.025556
0 0.523729 0.198375 0.014390 0.025556
0 0.508862 0.177740 0.013201 0.019206
0 0.482699 0.168218 0.013201 0.019206
0 0.458913 0.161074 0.015580 0.023969
0 0.433343 0.152343 0.012011 0.022381
