0 0.059912 0.436471 0.023903 0.031906
0 0.009173 0.450757 0.018347 0.028729
0 0.422640 0.803138 0.028663 0.041428
0 0.486920 0.984069 0.030920 0.031863
0 0.376259 0.542820 0.026282 0.031903
0 0.337607 0.269010 0.025093 0.033491
0 0.695579 0.898376 0.025093 0.038253
0 0.798451 0.916629 0.026284 0.036666
0 0.878727 0.944407 0.051258 0.095397
0 0.951866 0.713454 0.026282 0.043016
0 0.630763 0.702345 0.023905 0.039841
0 0.527296 0.199170 0.026282 0.039841
0 0.599247 0.055518 0.015578 0.035081
0 0.503511 0.014307 0.016769 0.028615
0 0.149107 0.731709 0.023903 0.038256
0 0.026017 0.857106 0.027473 0.041431
