0 0.326309 0.417423 0.016769 0.028729
0 0.391714 0.794406 0.021534 0.030319
0 0.378042 0.903932 0.020337 0.039841
0 0.507672 0.736471 0.015580 0.019206
0 0.536216 0.665042 0.020337 0.035078
0 0.574867 0.613454 0.021527 0.039841
0 0.788936 0.872979 0.016769 0.031903
0 0.735419 0.741232 0.021527 0.028729
0 0.829371 0.692821 0.014390 0.017619
0 0.842454 0.765837 0.019146 0.023969
0 0.820453 0.799962 0.015580 0.022381
0 0.866833 0.731709 0.015580 0.022381
0 0.954245 0.728534 0.019146 0.022381
0 0.937595 0.704724 0.014390 0.016031
0 0.917973 0.678534 0.013203 0.017619
0 0.910837 0.661074 0.015580 0.017619
0 0.947705 0.546788 0.017958 0.027141
0 0.939973 0.498376 0.019148 0.028729
0 0.921540 0.469010 0.017958 0.027141
0 0.900727 0.443615 0.016769 0.020794
0 0.894187 0.424565 0.015580 0.017619
0 0.758610 0.363456 0.017958 0.022381
0 0.725311 0.425359 0.020337 0.031906
0 0.590922 0.395201 0.015580 0.025554
0 0.422045 0.365043 0.020337 0.022381
0 0.655738 0.238059 0.019146 0.025556
0 0.659900 0.106312 0.017958 0.025556
0 0.590328 0.019010 0.016769 0.022379
0 0.487455 0.078534 0.015580 0.020794
0 0.295388 0.158693 0.021527 0.028731
0 0.350689 0.263456 0.022716 0.025556
0 0.486861 0.466629 0.019146 0.025554
0 0.991114 0.860281 0.016769 0.025556
0 0.034342 0.190439 0.020335 0.031903
0 0.110455 0.404724 0.017956 0.019206
0 0.077155 0.613456 0.020337 0.023969
