0 0.824615 0.561074 0.021525 0.033493
0 0.694389 0.547582 0.020335 0.031903
0 0.764557 0.583296 0.017958 0.036668
0 0.831750 0.595995 0.021527 0.023966
0 0.894187 0.609487 0.017958 0.031906
0 0.955435 0.616630 0.016767 0.023969
0 0.802018 0.333296 0.021525 0.035081
0 0.538595 0.307106 0.013201 0.043018
0 0.302524 0.275360 0.028661 0.036666
0 0.104509 0.241232 0.036987 0.035078
0 0.102725 0.189646 0.019148 0.027144
0 0.380420 0.085676 0.027473 0.038253
0 0.185974 0.065835 0.016767 0.027141
0 0.128295 0.046788 0.015580 0.027141
0 0.076561 0.042027 0.016769 0.020794
0 0.027801 0.030915 0.019148 0.020794
0 0.036721 0.189646 0.020335 0.027144
0 0.391719 0.549962 0.021525 0.020794
0 0.548703 0.550756 0.019148 0.028731
0 0.357229 0.427740 0.016769 0.023969
0 0.661090 0.709486 0.027472 0.041428
0 0.194894 0.944407 0.025095 0.031903
0 0.054560 0.757106 0.032229 0.044606
0 0.611735 0.795201 0.026284 0.031903
0 0.325714 0.696788 0.017958 0.035078
0 0.322146 0.738059 0.017958 0.031906
0 0.322146 0.784090 0.020337 0.028731
0 0.775259 0.946788 0.022716 0.058890
0 0.132457 0.410281 0.023903 0.027144
0 0.596868 0.445995 0.022714 0.031903
0 0.828777 0.470598 0.029850 0.030316
0 0.945326 0.572185 0.025095 0.036666
