0 0.054560 0.388852 0.027472 0.025556
0 0.187164 0.319804 0.038176 0.033491
0 0.289441 0.207106 0.026284 0.039843
0 0.491617 0.940440 0.016769 0.027144
0 0.467238 0.083296 0.017956 0.052538
0 0.568326 0.302343 0.020337 0.030319
0 0.703309 0.843613 0.019148 0.039841
0 0.505889 0.905518 0.019146 0.030319
0 0.555244 0.443613 0.017958 0.033491
0 0.543946 0.591232 0.021525 0.027141
0 0.788937 0.468217 0.023903 0.035078
0 0.232951 0.087265 0.020337 0.031906
0 0.118186 0.155518 0.023905 0.028731
0 0.442263 0.250757 0.025095 0.035078
0 0.467238 0.250756 0.022714 0.031906
0 0.540973 0.283296 0.015580 0.023969
0 0.533837 0.288852 0.015580 0.025556
0 0.514809 0.275359 0.015580 0.027144
0 0.489239 0.271392 0.019148 0.025554
0 0.488049 0.988059 0.016769 0.020794
0 0.150296 0.832503 0.019146 0.039843
0 0.363771 0.746788 0.025095 0.027141
0 0.268630 0.443615 0.029850 0.020794
0 0.083102 0.600756 0.029852 0.027144
0 0.464265 0.900756 0.016769 0.023969
0 0.466644 0.929328 0.014390 0.020794
0 0.571894 0.142026 0.025095 0.033491
0 0.167541 0.765835 0.025093 0.030316
