0 0.555839 0.919010 0.023905 0.035078
0 0.584381 0.792820 0.019148 0.036666
0 0.588544 0.590439 0.020337 0.028729
0 0.566542 0.395201 0.021527 0.031903
0 0.608167 0.241232 0.019148 0.031903
0 0.649197 0.104724 0.020337 0.035081
0 0.976247 0.311074 0.034608 0.025556
0 0.371502 0.770597 0.019148 0.020794
0 0.136025 0.757106 0.021527 0.031906
0 0.427991 0.519010 0.020335 0.031903
0 0.392313 0.497582 0.020335 0.027141
0 0.515998 0.272979 0.022716 0.038253
0 0.445830 0.179328 0.025093 0.038256
0 0.317389 0.169010 0.027472 0.033491
0 0.201436 0.165837 0.021527 0.023969
0 0.108077 0.103137 0.027472 0.028731
0 0.703309 0.727740 0.021527 0.033493
