0 0.354851 0.351550 0.026282 0.027144
0 0.694389 0.686471 0.032229 0.023969
0 0.945920 0.527740 0.028663 0.030319
0 0.879916 0.380121 0.027472 0.020794
0 0.978625 0.258693 0.017958 0.025556
0 0.780612 0.292820 0.014390 0.033491
0 0.861482 0.245201 0.019146 0.027141
0 0.958407 0.063456 0.017958 0.025556
0 0.784179 0.025360 0.023903 0.035078
0 0.645034 0.276948 0.026284 0.036666
0 0.586759 0.299962 0.026284 0.028731
0 0.272197 0.342821 0.020337 0.022381
0 0.210354 0.331709 0.020337 0.025556
0 0.172297 0.323771 0.022716 0.025556
0 0.477941 0.649963 0.015580 0.039841
0 0.287657 0.700757 0.020337 0.043016
0 0.160405 0.799962 0.017958 0.025556
0 0.109267 0.961868 0.017958 0.022381
0 0.024233 0.819804 0.016769 0.027141
0 0.094401 0.628534 0.033419 0.019206
0 0.755042 0.431709 0.020337 0.028731
0 0.498159 0.556312 0.015580 0.030319
0 0.498754 0.457106 0.014390 0.035081
0 0.257926 0.549962 0.020337 0.027144
0 0.257926 0.453137 0.017958 0.023969
0 0.043261 0.526153 0.026284 0.030319
0 0.048019 0.276946 0.012011 0.027144
0 0.040883 0.181709 0.016769 0.027144
0 0.724715 0.909487 0.028661 0.028731
0 0.917378 0.761074 0.023903 0.027144
0 0.839480 0.632503 0.027472 0.020794
0 0.793693 0.253931 0.023905 0.028731
