0 0.213328 0.485676 0.028663 0.038253
0 0.944731 0.287265 0.023905 0.031906
0 0.650982 0.315046 0.023907 0.030324
0 0.558812 0.186471 0.039366 0.030319
0 0.170514 0.136471 0.021525 0.035081
0 0.251384 0.261868 0.019148 0.025556
0 0.271602 0.356312 0.026284 0.027144
0 0.304307 0.365042 0.017958 0.028729
0 0.363176 0.419010 0.021527 0.022379
0 0.403017 0.415835 0.022716 0.028729
0 0.373880 0.298376 0.026282 0.028729
0 0.254358 0.465835 0.027473 0.033491
0 0.991365 0.444407 0.017271 0.031903
0 0.165757 0.518217 0.026282 0.033491
0 0.216301 0.626946 0.029852 0.028731
0 0.265656 0.645201 0.026282 0.033491
0 0.047424 0.052343 0.022716 0.028731
0 0.033153 0.107106 0.017958 0.020794
0 0.021260 0.169804 0.022714 0.028729
0 0.878132 0.480121 0.026282 0.023969
0 0.806776 0.504724 0.021525 0.028731
0 0.784179 0.571392 0.021525 0.035078
0 0.750880 0.634090 0.021525 0.030319
0 0.682497 0.970598 0.032229 0.027141
0 0.747906 0.898376 0.022714 0.028729
0 0.634330 0.669010 0.031040 0.027141
