0 0.483887 0.637265 0.027472 0.030319
0 0.122348 0.341234 0.022716 0.022381
0 0.791315 0.977741 0.028661 0.041428
0 0.384583 0.357106 0.023905 0.031906
0 0.344148 0.110279 0.026284 0.039841
0 0.596274 0.269010 0.021525 0.049366
0 0.661684 0.465835 0.023905 0.046191
0 0.771692 0.500757 0.025093 0.036666
0 0.920351 0.300757 0.025093 0.036666
0 0.960786 0.403932 0.022716 0.039841
0 0.859103 0.554726 0.042934 0.093809
0 0.439290 0.988117 0.021527 0.023766
0 0.838291 0.642821 0.027472 0.073175
0 0.048614 0.071392 0.020337 0.035078
0 0.062884 0.211868 0.020337 0.027144
0 0.076562 0.829328 0.023903 0.033493
0 0.174081 0.681709 0.021527 0.036668
0 0.823425 0.701551 0.028661 0.054128
0 0.788342 0.756312 0.046502 0.074762
0 0.431560 0.608693 0.020335 0.036668
0 0.634330 0.839645 0.026282 0.035078
