0 0.510646 0.807106 0.016769 0.030319
0 0.557028 0.985677 0.019148 0.025556
0 0.533837 0.901550 0.017958 0.031906
0 0.818669 0.818217 0.021527 0.036666
0 0.782396 0.600757 0.022716 0.033491
0 0.553460 0.497582 0.026284 0.039841
0 0.667036 0.552343 0.025095 0.035081
0 0.488050 0.722979 0.023903 0.033491
0 0.468427 0.638851 0.020335 0.033491
0 0.300145 0.629328 0.023903 0.030319
0 0.337607 0.767423 0.017956 0.027141
0 0.359608 0.362661 0.021527 0.033491
0 0.577840 0.122979 0.022714 0.036666
0 0.188948 0.253931 0.027472 0.031906
