0 0.030180 0.130121 0.019148 0.025556
0 0.292414 0.870598 0.029850 0.033491
0 0.207382 0.745200 0.028661 0.020794
0 0.081319 0.797581 0.035797 0.023969
0 0.132457 0.549962 0.023903 0.027144
0 0.244249 0.486471 0.021525 0.023969
0 0.416098 0.394407 0.020337 0.027141
0 0.591517 0.300757 0.019148 0.033491
0 0.765152 0.220598 0.019148 0.031903
0 0.929866 0.191232 0.022716 0.030316
0 0.943543 0.335677 0.031040 0.036668
0 0.718174 0.384090 0.022716 0.031906
0 0.489833 0.502343 0.020337 0.033493
0 0.307280 0.632503 0.023905 0.030319
0 0.513025 0.634090 0.019148 0.030319
0 0.487455 0.654724 0.015580 0.030319
0 0.464265 0.649168 0.019148 0.025556
0 0.588544 0.719804 0.017958 0.033491
0 0.592706 0.549170 0.021527 0.038253
0 0.576651 0.860281 0.022714 0.038256
0 0.249006 0.345995 0.021527 0.031903
0 0.177055 0.369010 0.020337 0.030316
0 0.373880 0.342026 0.021525 0.027141
0 0.457129 0.234090 0.019148 0.033493
0 0.359014 0.133296 0.022714 0.028731
0 0.486861 0.150756 0.023903 0.031906
0 0.599247 0.165042 0.025093 0.038253
0 0.722932 0.128534 0.022716 0.038256
0 0.845427 0.094407 0.022714 0.027141
0 0.831155 0.022978 0.013201 0.023969
0 0.891809 0.046788 0.017958 0.030316
0 0.950678 0.073771 0.016769 0.023969
0 0.961381 0.115837 0.014390 0.025556
0 0.090832 0.127740 0.021525 0.023969
0 0.027206 0.113456 0.017958 0.023969
0 0.111645 0.140440 0.017956 0.023969
