0 0.794288 0.945201 0.027473 0.039841
0 0.733634 0.861074 0.020337 0.027144
0 0.870996 0.969804 0.019148 0.031903
0 0.784179 0.859487 0.026282 0.039843
0 0.791314 0.625360 0.021527 0.031903
0 0.764556 0.591232 0.022714 0.036666
0 0.737797 0.554724 0.019148 0.030319
0 0.834129 0.072978 0.016769 0.019206
0 0.746123 0.114249 0.014390 0.025556
0 0.745528 0.192821 0.015580 0.020794
0 0.611735 0.226946 0.021527 0.028731
0 0.673577 0.196787 0.019146 0.022381
0 0.692011 0.169803 0.015580 0.019206
0 0.680712 0.133296 0.014390 0.022381
0 0.741960 0.023771 0.015580 0.022381
0 0.360797 0.234884 0.021527 0.025556
0 0.495186 0.408693 0.019148 0.036668
0 0.753852 0.991212 0.020337 0.017576
0 0.693795 0.916629 0.028661 0.030316
0 0.975058 0.471392 0.020335 0.035078
0 0.901918 0.470598 0.023903 0.043016
0 0.629574 0.417423 0.016769 0.031903
0 0.548703 0.307899 0.019148 0.022381
0 0.225815 0.126948 0.036987 0.041428
