0 0.941758 0.711073 0.025095 0.038253
0 0.183002 0.888852 0.015580 0.022381
0 0.208571 0.933296 0.026282 0.035081
0 0.210354 0.852343 0.022716 0.031906
0 0.237708 0.795201 0.020337 0.028729
0 0.227598 0.737265 0.021527 0.023969
0 0.161000 0.726946 0.019148 0.025556
0 0.111645 0.738852 0.020335 0.027144
0 0.483293 0.852343 0.026282 0.031906
0 0.542757 0.734090 0.023903 0.027144
0 0.577246 0.723771 0.019148 0.025556
0 0.621844 0.619010 0.025093 0.031903
0 0.630169 0.580121 0.022716 0.030319
0 0.637899 0.528534 0.021525 0.031906
0 0.802613 0.840439 0.027472 0.043016
0 0.853752 0.784884 0.025095 0.036668
0 0.904295 0.745995 0.016769 0.035078
0 0.980409 0.715042 0.023905 0.036666
0 0.982193 0.671392 0.020337 0.031903
0 0.985761 0.612662 0.015580 0.031906
0 0.891214 0.337265 0.019148 0.033493
0 0.949489 0.242026 0.021527 0.030316
0 0.872186 0.191232 0.023905 0.033491
0 0.789531 0.146788 0.022714 0.033491
0 0.744339 0.415837 0.022716 0.025556
