0 0.070616 0.029328 0.016769 0.023969
0 0.074183 0.430121 0.021525 0.028731
0 0.136619 0.270598 0.022716 0.033491
0 0.302524 0.383296 0.026282 0.036668
0 0.306686 0.234884 0.022716 0.031906
0 0.500538 0.244407 0.017958 0.031903
0 0.737203 0.276153 0.020337 0.031906
0 0.544541 0.364248 0.022714 0.036666
0 0.802019 0.400757 0.014390 0.043016
0 0.944731 0.642820 0.026284 0.028729
0 0.959597 0.311074 0.020337 0.025556
0 0.788342 0.169804 0.027472 0.025554
0 0.634331 0.181709 0.016769 0.020794
0 0.563568 0.143613 0.017958 0.027141
0 0.503511 0.164249 0.014390 0.020794
0 0.498159 0.130915 0.015580 0.020794
0 0.429776 0.115837 0.016767 0.019206
0 0.365555 0.103137 0.016769 0.016031
0 0.301928 0.081709 0.015580 0.017619
0 0.240087 0.068217 0.015580 0.022379
0 0.180623 0.049168 0.020337 0.019206
0 0.127106 0.037265 0.017958 0.027144
0 0.253169 0.138852 0.015580 0.020794
0 0.132457 0.188852 0.021525 0.028731
0 0.030180 0.232503 0.021527 0.027144
0 0.372690 0.143613 0.021525 0.023966
0 0.658711 0.033296 0.041744 0.041431
0 0.168730 0.921392 0.027472 0.030316
0 0.178839 0.774565 0.019148 0.022381
0 0.967922 0.079328 0.020337 0.028731
0 0.969112 0.045201 0.020337 0.027141
