0 0.136025 0.722979 0.016769 0.027141
0 0.096184 0.720598 0.013201 0.022379
0 0.069426 0.713456 0.016769 0.020794
0 0.055749 0.753931 0.017956 0.022381
0 0.070615 0.653931 0.007256 0.019206
0 0.078939 0.656312 0.012011 0.020794
0 0.098562 0.655518 0.015580 0.022381
0 0.115212 0.657106 0.013201 0.019206
0 0.138403 0.658693 0.014390 0.022381
0 0.166946 0.627740 0.019146 0.023969
0 0.154458 0.515837 0.013201 0.019206
0 0.194299 0.527740 0.014390 0.020794
0 0.053370 0.588059 0.020335 0.020794
0 0.290631 0.926153 0.023905 0.030319
0 0.503510 0.927740 0.023903 0.033493
0 0.305496 0.955519 0.015580 0.044603
0 0.166947 0.702343 0.016769 0.027144
0 0.318579 0.529328 0.022714 0.033493
