0 0.012936 0.541232 0.020337 0.035078
0 0.031369 0.403931 0.019148 0.023969
0 0.067642 0.625359 0.025095 0.025556
0 0.093806 0.946787 0.022714 0.020794
0 0.074183 0.914248 0.019146 0.031903
0 0.050398 0.876153 0.023905 0.022381
0 0.028991 0.844407 0.021527 0.028729
0 0.175271 0.407899 0.016769 0.022381
0 0.030775 0.116629 0.020337 0.027141
0 0.055155 0.061074 0.014390 0.023969
0 0.098562 0.047582 0.015580 0.028729
0 0.068831 0.023771 0.017958 0.025556
0 0.139593 0.035677 0.021527 0.030319
0 0.191920 0.032503 0.021527 0.027144
0 0.304902 0.353931 0.019148 0.025556
0 0.323335 0.312662 0.017958 0.031906
0 0.342958 0.281709 0.016769 0.027144
0 0.413126 0.211868 0.019146 0.033493
0 0.447615 0.212662 0.019146 0.025556
0 0.538000 0.137265 0.019148 0.023969
0 0.869807 0.445995 0.014390 0.025554
0 0.817479 0.427740 0.021527 0.027144
0 0.752663 0.384090 0.017958 0.025556
0 0.762178 0.324566 0.020337 0.033491
0 0.809153 0.287265 0.019148 0.031906
0 0.847210 0.263456 0.019148 0.028731
0 0.832345 0.210279 0.025095 0.043016
0 0.978625 0.211074 0.015580 0.028731
0 0.894782 0.158693 0.016769 0.025556
0 0.863265 0.157106 0.013201 0.022381
0 0.856725 0.065042 0.019148 0.028729
0 0.451182 0.270597 0.016769 0.020794
