0 0.143756 0.757106 0.022716 0.025556
0 0.257331 0.698375 0.019148 0.025556
0 0.602220 0.922979 0.016769 0.027141
0 0.604598 0.757899 0.016769 0.030319
0 0.573678 0.880915 0.012011 0.022381
0 0.546919 0.877740 0.015580 0.022381
0 0.518377 0.871392 0.015580 0.028729
0 0.524323 0.835677 0.015578 0.023969
0 0.499943 0.853931 0.016769 0.025556
0 0.474373 0.848375 0.017958 0.027144
0 0.501133 0.719804 0.019148 0.033491
0 0.729473 0.599963 0.021525 0.031903
0 0.956624 0.540439 0.028661 0.033491
0 0.941163 0.387265 0.023905 0.025556
0 0.775854 0.426153 0.019148 0.027144
0 0.602814 0.514249 0.017958 0.028731
0 0.427398 0.606312 0.016769 0.022381
0 0.061695 0.609487 0.022716 0.025556
0 0.184786 0.571392 0.016769 0.025554
0 0.256142 0.546787 0.016769 0.023969
0 0.382799 0.545995 0.020337 0.031903
0 0.184191 0.607106 0.013201 0.033493
0 0.021259 0.299962 0.017958 0.025556
0 0.114618 0.333296 0.021525 0.022381
0 0.365555 0.331709 0.021527 0.031906
0 0.466048 0.436471 0.020335 0.031906
0 0.492213 0.349963 0.027472 0.036666
0 0.611735 0.363454 0.023905 0.035078
0 0.737797 0.322185 0.023905 0.041428
0 0.863266 0.279328 0.020335 0.028731
0 0.143160 0.184884 0.028661 0.036668
0 0.150296 0.064248 0.026282 0.033491
0 0.569515 0.111074 0.020337 0.035081
0 0.643845 0.137264 0.023905 0.036666
0 0.716985 0.161074 0.022716 0.033493
0 0.781206 0.180121 0.022716 0.030319
0 0.845426 0.201550 0.017958 0.028731
0 0.909648 0.226946 0.017958 0.028731
0 0.968517 0.252343 0.016769 0.028731
0 0.828183 0.114249 0.023903 0.025556
0 0.784179 0.098376 0.021525 0.028729
0 0.741960 0.082503 0.020337 0.025556
0 0.697956 0.068217 0.020337 0.028729
0 0.654548 0.052343 0.019146 0.025556
0 0.607572 0.035677 0.022716 0.027144
0 0.319768 0.848376 0.022714 0.033491
0 0.226410 0.949962 0.035797 0.030319
