0 0.419072 0.113456 0.021527 0.030319
0 0.357825 0.909487 0.020335 0.031906
0 0.223437 0.829329 0.025093 0.039841
0 0.218085 0.759487 0.021527 0.027144
0 0.091427 0.660281 0.032229 0.031906
0 0.596274 0.882503 0.021525 0.031906
0 0.644439 0.980915 0.020337 0.022381
0 0.719958 0.946788 0.019148 0.033491
0 0.765152 0.876946 0.019148 0.033493
0 0.736608 0.867424 0.021527 0.023969
0 0.744339 0.815835 0.020337 0.035078
0 0.653359 0.845995 0.021525 0.028729
0 0.584975 0.842027 0.017958 0.023969
0 0.616492 0.814249 0.016769 0.025556
0 0.586759 0.777740 0.019148 0.028731
0 0.568920 0.722979 0.019148 0.027141
0 0.570110 0.687265 0.016769 0.028731
0 0.543351 0.730121 0.017956 0.028731
0 0.527295 0.707106 0.014390 0.027144
0 0.385178 0.612662 0.025095 0.028731
0 0.203219 0.404724 0.034608 0.028731
0 0.535027 0.534090 0.020337 0.030319
0 0.492212 0.377741 0.020337 0.038253
0 0.619465 0.394407 0.020335 0.030316
0 0.094995 0.354724 0.044123 0.023969
0 0.150296 0.196788 0.042934 0.044603
0 0.296578 0.149962 0.019148 0.030319
0 0.317984 0.137265 0.019146 0.030319
0 0.724121 0.495995 0.022716 0.033491
0 0.665252 0.116629 0.026284 0.033491
0 0.039693 0.045995 0.014390 0.025554
