0 0.522539 0.782503 0.021525 0.038256
0 0.166946 0.646788 0.021525 0.030316
0 0.230572 0.062662 0.020337 0.030319
0 0.211544 0.015894 0.020337 0.031787
0 0.264467 0.053931 0.021525 0.028731
0 0.268034 0.012720 0.021527 0.025440
0 0.988391 0.132503 0.023218 0.033493
0 0.162189 0.924566 0.026284 0.030316
0 0.159216 0.779328 0.025095 0.031906
0 0.741960 0.911074 0.025095 0.035081
0 0.854941 0.906312 0.022716 0.031906
0 0.853157 0.813454 0.023905 0.033491
0 0.875754 0.734089 0.021527 0.043016
0 0.669415 0.720598 0.020337 0.028729
0 0.240086 0.111074 0.022714 0.028731
0 0.631357 0.500756 0.027472 0.030319
0 0.417288 0.891232 0.020337 0.039841
0 0.285873 0.833296 0.019148 0.028731
0 0.261493 0.831709 0.017956 0.028731
0 0.191920 0.345201 0.023905 0.036666
0 0.175866 0.503137 0.025095 0.031906
0 0.461292 0.106312 0.025095 0.028731
0 0.336418 0.356312 0.022714 0.030319
0 0.433344 0.656312 0.023903 0.030319
0 0.560597 0.256312 0.016769 0.043018
0 0.538000 0.327740 0.021527 0.033493
0 0.263871 0.199168 0.017958 0.023969
0 0.260899 0.171392 0.019146 0.025554
0 0.222842 0.194407 0.021525 0.027141
0 0.236519 0.163456 0.015580 0.022381
