0 0.724716 0.038852 0.021527 0.027144
0 0.608761 0.955518 0.017958 0.031906
0 0.634331 0.948376 0.019148 0.030316
0 0.653359 0.957106 0.021525 0.028731
0 0.672388 0.951550 0.014390 0.020794
0 0.684875 0.953137 0.017958 0.020794
0 0.584381 0.895995 0.016769 0.023966
0 0.623032 0.875359 0.020337 0.027144
0 0.666441 0.875359 0.016769 0.020794
0 0.697956 0.879328 0.020337 0.022381
0 0.715201 0.837265 0.016769 0.030319
0 0.454751 0.671390 0.026282 0.022381
0 0.332255 0.645993 0.026282 0.019206
0 0.516593 0.561074 0.021527 0.027144
0 0.702714 0.431709 0.020337 0.022381
0 0.799045 0.484884 0.025095 0.023969
0 0.785963 0.277740 0.022714 0.025556
0 0.972084 0.745201 0.026282 0.027141
0 0.984572 0.499963 0.025095 0.035078
0 0.963759 0.209487 0.026284 0.025556
0 0.165163 0.422184 0.017958 0.025556
0 0.149107 0.557106 0.019146 0.028731
0 0.048614 0.394407 0.022716 0.036666
0 0.080129 0.107899 0.023905 0.022381
