0 0.511835 0.157899 0.021527 0.023969
0 0.958408 0.755518 0.025093 0.035081
0 0.892998 0.742820 0.025095 0.031903
0 0.596868 0.788852 0.020335 0.025556
0 0.513619 0.629328 0.003686 0.004919
0 0.495186 0.611868 0.026284 0.033493
0 0.636709 0.643613 0.021525 0.027141
0 0.702714 0.768217 0.020337 0.025554
0 0.564164 0.512661 0.021525 0.035078
0 0.637899 0.444407 0.019146 0.028729
0 0.700335 0.423771 0.017958 0.025556
0 0.724121 0.401550 0.022716 0.022381
0 0.714011 0.368217 0.016769 0.022379
0 0.774665 0.436471 0.014390 0.028731
0 0.879321 0.330121 0.016767 0.022381
0 0.782991 0.356312 0.016769 0.023969
0 0.793693 0.264249 0.016769 0.023969
0 0.806181 0.147582 0.017956 0.035078
0 0.581407 0.092027 0.013201 0.019206
0 0.582003 0.038852 0.021525 0.027144
0 0.256141 0.255518 0.035797 0.047776
0 0.041478 0.267423 0.034608 0.033491
