0 0.699147 0.353137 0.029850 0.052538
0 0.324525 0.287265 0.020337 0.025556
0 0.150296 0.222979 0.021525 0.030316
0 0.092022 0.306312 0.019146 0.028731
0 0.048614 0.347581 0.022716 0.022381
0 0.027801 0.370597 0.016769 0.020794
0 0.081913 0.124565 0.025095 0.030319
0 0.213328 0.743613 0.021527 0.027141
0 0.180028 0.698375 0.021527 0.022381
0 0.077156 0.780915 0.022714 0.019206
0 0.115212 0.721392 0.015580 0.039841
0 0.172297 0.645201 0.022716 0.030316
0 0.232356 0.564249 0.021527 0.027144
0 0.297171 0.472185 0.025093 0.033491
0 0.415505 0.612661 0.028661 0.038253
0 0.206787 0.911074 0.034608 0.031906
