0 0.020665 0.541232 0.016769 0.031903
0 0.132456 0.649168 0.016769 0.025556
0 0.163973 0.476946 0.022716 0.023969
0 0.182407 0.131709 0.019148 0.031906
0 0.040883 0.087265 0.019148 0.028731
0 0.430965 0.956312 0.026282 0.039843
0 0.416693 0.692026 0.023905 0.028729
0 0.364366 0.436471 0.023905 0.028731
0 0.294198 0.177740 0.026282 0.035081
0 0.791314 0.876946 0.019148 0.027144
0 0.812722 0.850756 0.016769 0.025556
0 0.854347 0.859487 0.014390 0.023969
0 0.959002 0.840439 0.021527 0.030316
0 0.821046 0.576154 0.026282 0.044603
0 0.040288 0.728534 0.015580 0.025556
0 0.037910 0.849962 0.017956 0.027144
