0 0.819857 0.441232 0.038176 0.079522
0 0.129484 0.833296 0.027472 0.041431
0 0.056344 0.633296 0.021525 0.031906
0 0.158027 0.479328 0.017958 0.028731
0 0.340580 0.692820 0.021527 0.036666
0 0.419667 0.788057 0.025095 0.043016
0 0.519565 0.914248 0.029850 0.038253
0 0.936406 0.825360 0.026282 0.031903
0 0.780017 0.771392 0.027473 0.035078
0 0.616491 0.611074 0.026282 0.035081
0 0.471400 0.411867 0.019148 0.039841
0 0.416694 0.390439 0.026282 0.031903
0 0.370312 0.133296 0.031040 0.031906
0 0.578435 0.057106 0.019146 0.038256
0 0.640872 0.244407 0.027472 0.041428
0 0.755042 0.284884 0.020337 0.036668
0 0.942352 0.197582 0.026284 0.036666
0 0.898349 0.099170 0.028661 0.039841
0 0.844832 0.348376 0.040555 0.093809
0 0.806776 0.498376 0.038176 0.041428
0 0.774070 0.556312 0.044121 0.071587
0 0.116402 0.152343 0.020337 0.035081
