0 0.925108 0.948375 0.017958 0.023969
0 0.868023 0.640440 0.015580 0.023969
0 0.804397 0.650756 0.023903 0.022381
0 0.781801 0.685677 0.021527 0.025556
0 0.756231 0.716630 0.015580 0.020794
0 0.761583 0.734090 0.016769 0.020794
0 0.777044 0.756312 0.019148 0.023969
0 0.694984 0.791234 0.021525 0.023969
0 0.766935 0.615042 0.020335 0.033491
0 0.720553 0.473771 0.015580 0.020794
0 0.799045 0.380121 0.017958 0.023969
0 0.941163 0.474565 0.021527 0.025556
0 0.917973 0.513456 0.017956 0.027144
0 0.884673 0.545201 0.025093 0.030316
0 0.880510 0.273773 0.019146 0.030316
0 0.953057 0.378530 0.021527 0.030326
0 0.092022 0.127741 0.028661 0.039841
0 0.235924 0.349170 0.028663 0.038253
0 0.383394 0.559487 0.026284 0.033493
0 0.533837 0.769804 0.032231 0.025554
0 0.790125 0.859487 0.019148 0.030319
0 0.729473 0.934090 0.021525 0.027144
0 0.673577 0.970598 0.042934 0.039841
