0 0.941163 0.095995 0.019148 0.027141
0 0.617087 0.079328 0.015580 0.028731
0 0.640277 0.060281 0.016767 0.022381
0 0.707472 0.038059 0.015580 0.028731
0 0.453561 0.142026 0.021527 0.027141
0 0.624816 0.509487 0.016769 0.028731
0 0.686064 0.450756 0.017958 0.025556
0 0.755636 0.387265 0.019148 0.028731
0 0.828182 0.319010 0.019148 0.028729
0 0.897160 0.255518 0.023903 0.025556
0 0.571894 0.035677 0.013201 0.027144
0 0.775259 0.657899 0.025095 0.036668
0 0.784775 0.499168 0.017958 0.023969
0 0.755637 0.442813 0.021528 0.025566
0 0.560597 0.114249 0.014390 0.025556
0 0.545729 0.200756 0.015580 0.030319
0 0.526701 0.320597 0.015580 0.019206
0 0.339391 0.215042 0.023903 0.036666
0 0.455345 0.441234 0.022716 0.025556
0 0.579029 0.684884 0.022714 0.027144
0 0.700336 0.889645 0.036987 0.033491
