0 0.854347 0.522184 0.019148 0.025556
0 0.420856 0.895995 0.022716 0.030316
0 0.491617 0.973771 0.014390 0.020794
0 0.359609 0.803137 0.023903 0.035081
0 0.316201 0.624565 0.017958 0.027144
0 0.209166 0.537265 0.036987 0.030319
0 0.071804 0.729328 0.038176 0.030319
0 0.349500 0.504724 0.020337 0.025556
0 0.552866 0.707106 0.020337 0.027144
0 0.606383 0.566630 0.022716 0.025556
0 0.656927 0.633296 0.019146 0.031906
0 0.752068 0.681709 0.019148 0.027144
0 0.834129 0.172185 0.016769 0.027141
0 0.709256 0.264249 0.019148 0.020794
0 0.595085 0.288059 0.019148 0.023969
