0 0.637899 0.134090 0.019146 0.027144
0 0.074183 0.938852 0.021525 0.023969
0 0.013530 0.757106 0.019148 0.025556
0 0.174081 0.979328 0.019148 0.028731
0 0.375664 0.825359 0.020335 0.028731
0 0.363176 0.904724 0.014390 0.022381
0 0.441074 0.901550 0.017958 0.031906
0 0.487455 0.863456 0.022714 0.028731
0 0.498754 0.965043 0.012011 0.022381
0 0.561190 0.838059 0.017956 0.022381
0 0.575462 0.758693 0.020337 0.028731
0 0.618276 0.710281 0.013203 0.027144
0 0.670009 0.342820 0.023903 0.031903
0 0.620059 0.437265 0.019148 0.027144
0 0.599247 0.557899 0.025093 0.033493
0 0.178839 0.019803 0.021527 0.020794
0 0.021259 0.152343 0.017958 0.028731
0 0.811533 0.306312 0.028661 0.041431
0 0.755637 0.680915 0.028661 0.031906
