0 0.571299 0.277740 0.023905 0.019206
0 0.483888 0.765043 0.020337 0.022381
0 0.321552 0.595201 0.026282 0.025554
0 0.298955 0.350756 0.021525 0.031906
0 0.048613 0.161073 0.029850 0.043016
0 0.100347 0.019010 0.016769 0.031903
0 0.604004 0.623773 0.017958 0.031903
0 0.745528 0.764249 0.015580 0.020794
0 0.698551 0.692820 0.019148 0.023966
0 0.806181 0.636471 0.020335 0.025556
0 0.644439 0.463456 0.020337 0.022381
0 0.859103 0.964249 0.021525 0.027144
0 0.938190 0.467423 0.022714 0.033491
0 0.878133 0.365042 0.014390 0.028729
0 0.815100 0.256312 0.021527 0.030319
0 0.714012 0.317423 0.023903 0.028729
0 0.555244 0.251550 0.017958 0.027144
0 0.770502 0.076153 0.015580 0.019206
0 0.736013 0.114249 0.017958 0.025556
0 0.441669 0.138059 0.021527 0.028731
0 0.395286 0.261074 0.016769 0.023969
0 0.351284 0.137265 0.019148 0.027144
0 0.414909 0.093613 0.015580 0.025554
0 0.394097 0.024565 0.014390 0.020794
0 0.071209 0.947582 0.025093 0.028729
0 0.036722 0.791226 0.029852 0.030329
0 0.021320 0.611154 0.029731 0.022222
0 0.973868 0.855518 0.013203 0.025556
0 0.988140 0.568217 0.017958 0.025554
