0 0.777044 0.119804 0.019148 0.023966
0 0.099157 0.466630 0.019148 0.022381
0 0.190731 0.478534 0.021527 0.023969
0 0.323930 0.300756 0.021527 0.027144
0 0.341769 0.205518 0.023905 0.027144
0 0.358420 0.021392 0.021525 0.027141
0 0.492807 0.201550 0.021527 0.025556
0 0.582597 0.192820 0.017958 0.033491
0 0.612330 0.228534 0.017958 0.025556
0 0.650386 0.281709 0.020337 0.030319
0 0.781206 0.352343 0.020337 0.028731
0 0.742555 0.302345 0.016769 0.036666
0 0.792504 0.195201 0.019148 0.022379
0 0.817479 0.168217 0.016769 0.031903
0 0.635520 0.026946 0.019146 0.022381
0 0.907269 0.182503 0.015580 0.022381
0 0.887051 0.153137 0.015580 0.020794
0 0.868617 0.126153 0.014390 0.020794
0 0.990175 0.265042 0.019650 0.031903
