0 0.023044 0.215837 0.019148 0.019206
0 0.429181 0.011132 0.017956 0.022265
0 0.143756 0.876153 0.022716 0.031906
0 0.806181 0.022243 0.027472 0.044487
0 0.824020 0.074565 0.020335 0.025556
0 0.432748 0.065043 0.015580 0.025556
0 0.223437 0.979328 0.020335 0.025556
0 0.050992 0.439646 0.022716 0.028731
0 0.163973 0.214249 0.020337 0.025556
0 0.293009 0.157106 0.019148 0.025556
0 0.308470 0.115835 0.019148 0.028729
0 0.328093 0.084884 0.020337 0.027144
0 0.398259 0.009545 0.020337 0.019090
0 0.950083 0.033296 0.015580 0.028731
0 0.784774 0.095995 0.020335 0.027141
0 0.741366 0.128534 0.019148 0.028731
0 0.734229 0.189645 0.021527 0.030316
0 0.795477 0.230121 0.020337 0.022381
0 0.848400 0.247582 0.021527 0.028729
