0 0.868023 0.791232 0.020337 0.033491
0 0.848400 0.767423 0.016769 0.027141
0 0.827587 0.749962 0.017958 0.023969
0 0.809153 0.727740 0.019148 0.023969
0 0.788936 0.705518 0.016769 0.023969
0 0.779422 0.613456 0.021527 0.027144
0 0.828777 0.528534 0.022716 0.028731
0 0.503510 0.747582 0.021525 0.035078
0 0.354851 0.777740 0.031040 0.035081
0 0.322741 0.719010 0.021527 0.025554
0 0.169325 0.726948 0.021525 0.044603
0 0.031963 0.654724 0.027472 0.023969
0 0.410153 0.469804 0.017958 0.035078
0 0.695578 0.563456 0.017958 0.025556
0 0.732446 0.497582 0.020335 0.030316
0 0.686659 0.496788 0.016769 0.031903
0 0.671794 0.538059 0.015580 0.028731
0 0.648008 0.483296 0.020337 0.027144
0 0.611735 0.449962 0.019148 0.030319
0 0.598059 0.415043 0.015580 0.023969
0 0.590328 0.473771 0.014390 0.027144
0 0.569515 0.459487 0.017958 0.027144
0 0.827587 0.081709 0.017958 0.030319
0 0.796072 0.051550 0.019148 0.023969
0 0.505889 0.303931 0.019146 0.030319
0 0.525512 0.137265 0.017956 0.023969
0 0.409559 0.203931 0.019148 0.027144
0 0.323930 0.120598 0.021527 0.025554
0 0.251384 0.043613 0.021527 0.027141
0 0.072993 0.048376 0.033419 0.030316
0 0.049802 0.294407 0.036987 0.027141
0 0.061696 0.463456 0.039366 0.019206
0 0.174081 0.426946 0.026284 0.028731
0 0.161000 0.161074 0.019148 0.027144
0 0.172892 0.136471 0.019148 0.022381
0 0.981004 0.899168 0.017958 0.023969
0 0.694984 0.859487 0.026282 0.033493
