0 0.769908 0.203931 0.023903 0.036668
0 0.238303 0.521392 0.023905 0.027141
0 0.390529 0.795201 0.028661 0.025554
0 0.414910 0.508693 0.027472 0.030319
0 0.379826 0.263456 0.026284 0.028731
0 0.165163 0.094407 0.017958 0.027141
0 0.664657 0.695995 0.022716 0.033491
0 0.692010 0.503137 0.022714 0.035081
0 0.731257 0.357899 0.020335 0.036668
0 0.742555 0.021392 0.021527 0.033491
0 0.889430 0.095995 0.020337 0.036666
0 0.919756 0.119010 0.019148 0.031903
0 0.885862 0.424566 0.025095 0.043016
0 0.816290 0.326946 0.019148 0.031906
0 0.885267 0.299963 0.021527 0.031903
