0 0.228789 0.964248 0.035797 0.043016
0 0.404801 0.861074 0.019148 0.023969
0 0.481509 0.761868 0.020337 0.028731
0 0.354257 0.612662 0.017956 0.028731
0 0.539783 0.624566 0.025093 0.036666
0 0.559406 0.554724 0.021525 0.033493
0 0.602220 0.497582 0.019148 0.033491
0 0.898349 0.965837 0.021525 0.027144
0 0.469022 0.651550 0.023903 0.030319
0 0.855536 0.876153 0.019148 0.031906
0 0.913216 0.867423 0.017958 0.027141
0 0.710444 0.808693 0.021525 0.030319
0 0.046830 0.744407 0.019148 0.025554
0 0.428586 0.695995 0.026282 0.030316
0 0.647413 0.139646 0.026284 0.028731
0 0.598652 0.224566 0.021525 0.033491
0 0.253168 0.826153 0.034608 0.077937
0 0.148512 0.783296 0.025093 0.023969
0 0.343553 0.692027 0.015580 0.022381
0 0.237707 0.909487 0.034608 0.070000
