0 0.303713 0.947582 0.033419 0.031903
0 0.218084 0.667423 0.028661 0.033491
0 0.091427 0.455518 0.027472 0.035081
0 0.121754 0.976946 0.026284 0.030319
0 0.065263 0.797582 0.025095 0.033491
0 0.758610 0.842026 0.029852 0.046191
0 0.601626 0.971392 0.025093 0.035078
0 0.933433 0.858693 0.025093 0.028731
0 0.981004 0.801550 0.020337 0.031906
0 0.942352 0.522185 0.021527 0.031903
0 0.812128 0.523773 0.029850 0.031903
0 0.694984 0.476948 0.023903 0.036666
0 0.628979 0.261074 0.020337 0.030319
0 0.557622 0.053138 0.025093 0.039841
0 0.988986 0.203138 0.022028 0.038253
0 0.957813 0.037264 0.026282 0.036666
0 0.508863 0.472979 0.027472 0.035078
0 0.311443 0.292820 0.025095 0.033491
0 0.221064 0.166628 0.020341 0.022396
0 0.119970 0.076948 0.001307 0.001747
0 0.104509 0.065043 0.015580 0.022381
0 0.068831 0.053931 0.017958 0.019206
0 0.037315 0.045201 0.016767 0.017621
0 0.006200 0.038059 0.012400 0.022381
