0 0.222842 0.685677 0.023903 0.022381
0 0.178839 0.718217 0.023905 0.030316
0 0.170513 0.776153 0.019148 0.028731
0 0.231167 0.823773 0.021527 0.031903
0 0.279927 0.848376 0.019146 0.030316
0 0.410747 0.620598 0.023903 0.031903
0 0.375069 0.628534 0.021525 0.025556
0 0.546325 0.915835 0.023903 0.038253
0 0.756826 0.839645 0.023905 0.035078
0 0.640277 0.892026 0.033419 0.031903
0 0.568327 0.414248 0.034608 0.031903
0 0.660494 0.531709 0.019148 0.028731
0 0.880510 0.586471 0.019146 0.030319
0 0.956624 0.493613 0.023903 0.031903
0 0.817479 0.715042 0.021527 0.033491
0 0.789531 0.779328 0.025093 0.031906
0 0.885268 0.688851 0.026282 0.035078
0 0.982787 0.728535 0.026650 0.031974
0 0.392313 0.042026 0.022714 0.033491
0 0.174081 0.151550 0.026284 0.023969
0 0.009768 0.447582 0.019536 0.038253
0 0.022449 0.369804 0.015580 0.025554
0 0.031369 0.307106 0.016769 0.023969
0 0.174677 0.345201 0.034608 0.030316
0 0.257925 0.472979 0.025093 0.035078
0 0.243060 0.612662 0.026282 0.031906
0 0.265656 0.665043 0.023903 0.028731
