0 0.279927 0.861868 0.016767 0.025556
0 0.014719 0.758693 0.028661 0.031906
0 0.018287 0.657899 0.021525 0.033493
0 0.185380 0.561074 0.017956 0.027144
0 0.258520 0.811867 0.023903 0.036666
0 0.238303 0.881709 0.016769 0.027144
0 0.193705 0.908693 0.020337 0.030319
0 0.184785 0.962662 0.021525 0.030319
0 0.419667 0.822979 0.020337 0.027141
0 0.272792 0.687264 0.023905 0.038253
0 0.508862 0.650756 0.020337 0.031906
0 0.670009 0.749170 0.019148 0.031903
0 0.884078 0.794407 0.021527 0.033491
0 0.961381 0.704724 0.021527 0.025556
0 0.889430 0.895995 0.022716 0.027141
0 0.819263 0.913456 0.022716 0.030319
0 0.794288 0.971392 0.020337 0.035078
0 0.656927 0.215042 0.021525 0.058890
0 0.719364 0.094407 0.020337 0.033491
0 0.498753 0.205518 0.031040 0.039843
0 0.401828 0.254724 0.020337 0.027144
0 0.125321 0.195995 0.031040 0.039841
0 0.140188 0.107899 0.020337 0.035081
0 0.177650 0.365835 0.026284 0.036666
0 0.582003 0.642026 0.031040 0.027141
0 0.875158 0.177741 0.027472 0.038253
