0 0.307875 0.963456 0.027473 0.025556
0 0.289441 0.772979 0.023905 0.038253
0 0.250790 0.628534 0.020337 0.035081
0 0.217491 0.647581 0.025095 0.022381
0 0.200841 0.655518 0.020337 0.025556
0 0.158027 0.672184 0.020337 0.020794
0 0.074777 0.708693 0.020335 0.023969
0 0.061100 0.723771 0.016769 0.022381
0 0.023044 0.733296 0.021527 0.025556
0 0.034342 0.959487 0.022714 0.027144
0 0.045045 0.919010 0.020337 0.022379
0 0.088455 0.960281 0.019148 0.028731
0 0.067642 0.981709 0.020337 0.027144
0 0.375069 0.640439 0.021525 0.033491
0 0.518377 0.644407 0.025095 0.025554
0 0.639088 0.703932 0.026282 0.043016
0 0.695579 0.914248 0.025093 0.035078
0 0.984572 0.877741 0.025095 0.041428
0 0.939974 0.789645 0.023903 0.039841
0 0.777640 0.557106 0.025098 0.035081
0 0.574273 0.315835 0.025095 0.035078
0 0.743150 0.203137 0.025095 0.035081
0 0.674171 0.050756 0.022714 0.031906
0 0.570110 0.121392 0.028663 0.036666
0 0.538000 0.029328 0.023905 0.030319
0 0.486861 0.123771 0.023903 0.028731
0 0.387557 0.285677 0.022716 0.028731
0 0.330472 0.338852 0.020337 0.027144
0 0.273386 0.376946 0.022716 0.023969
