0 0.317984 0.113454 0.031040 0.036666
0 0.939380 0.419804 0.022714 0.033491
0 0.741366 0.404724 0.019148 0.028731
0 0.369122 0.908693 0.028661 0.027144
0 0.714606 0.937265 0.020337 0.033493
0 0.858509 0.976153 0.022714 0.031906
0 0.964949 0.969010 0.019148 0.030316
0 0.800235 0.901550 0.020337 0.031906
0 0.756826 0.791232 0.021527 0.036666
0 0.737797 0.603137 0.021527 0.031906
0 0.915000 0.680915 0.019148 0.025556
0 0.885267 0.661868 0.016769 0.022381
0 0.567137 0.638059 0.027472 0.031906
0 0.621844 0.471392 0.025093 0.028729
0 0.322147 0.644407 0.029850 0.019209
0 0.295387 0.374565 0.028661 0.022381
0 0.765152 0.273779 0.023902 0.033493
0 0.815100 0.119010 0.023905 0.035078
