0 0.533837 0.983275 0.025095 0.033450
0 0.786558 0.969804 0.028661 0.038253
0 0.593301 0.027740 0.022716 0.027144
0 0.037315 0.015043 0.021525 0.023969
0 0.623627 0.692820 0.023905 0.039841
0 0.657522 0.504724 0.020335 0.031906
0 0.414315 0.761868 0.028661 0.035081
0 0.284685 0.742026 0.026282 0.039841
0 0.169920 0.723773 0.025093 0.035078
0 0.074183 0.642820 0.026282 0.035078
0 0.917973 0.726946 0.041744 0.031906
0 0.956624 0.449168 0.035797 0.025556
0 0.485077 0.862661 0.020335 0.036666
0 0.354851 0.107899 0.023903 0.031906
0 0.577245 0.837264 0.026282 0.039841
