0 0.772881 0.422185 0.022716 0.035078
0 0.642062 0.862662 0.029850 0.033493
0 0.568326 0.656312 0.025095 0.043018
0 0.576651 0.519804 0.025093 0.036666
0 0.107482 0.641232 0.026282 0.035078
0 0.067047 0.625360 0.021527 0.035078
0 0.028396 0.608693 0.022716 0.030319
0 0.137214 0.560281 0.023905 0.035081
0 0.071209 0.528534 0.025093 0.031906
0 0.010957 0.505518 0.021915 0.030319
0 0.339391 0.349170 0.023903 0.031903
0 0.214517 0.324566 0.028663 0.033491
0 0.109266 0.311074 0.027472 0.028731
0 0.985167 0.597582 0.023905 0.036666
0 0.959597 0.460281 0.020337 0.035081
0 0.945326 0.407106 0.017958 0.030319
0 0.886456 0.367423 0.014390 0.023966
0 0.868023 0.362662 0.017958 0.023969
0 0.834723 0.436471 0.017958 0.031906
0 0.858509 0.438851 0.022714 0.039841
0 0.717580 0.411074 0.023905 0.031906
0 0.645034 0.393613 0.021527 0.028729
0 0.533242 0.080915 0.016769 0.035081
0 0.453561 0.140439 0.016769 0.033491
0 0.526107 0.111074 0.019146 0.022381
0 0.325119 0.134884 0.023905 0.025556
0 0.244844 0.239645 0.029850 0.031903
0 0.112834 0.159487 0.027472 0.030319
0 0.672387 0.080915 0.021525 0.031906
0 0.724121 0.054724 0.020337 0.030319
0 0.794883 0.020598 0.019148 0.035078
0 0.844832 0.018217 0.023903 0.033491
