0 0.598652 0.572979 0.026282 0.038253
0 0.172297 0.874566 0.017958 0.035078
0 0.034937 0.561868 0.023903 0.031906
0 0.545730 0.884884 0.025093 0.052538
0 0.700335 0.880123 0.025095 0.043016
0 0.765151 0.742820 0.021525 0.047778
0 0.922134 0.809486 0.023905 0.044603
0 0.376853 0.330915 0.025093 0.033493
0 0.538000 0.334090 0.021527 0.027144
0 0.680117 0.341234 0.022716 0.025556
0 0.811532 0.360281 0.021527 0.028731
0 0.930460 0.374565 0.023905 0.025556
0 0.945920 0.422184 0.016769 0.022381
0 0.881699 0.403137 0.014390 0.022381
0 0.818074 0.391234 0.015580 0.023969
0 0.750880 0.374565 0.019146 0.025556
0 0.987796 0.276946 0.024407 0.027144
0 0.815695 0.264249 0.020337 0.027144
0 0.582598 0.233296 0.020335 0.035081
0 0.342364 0.213456 0.020337 0.030319
0 0.126510 0.207106 0.026282 0.023969
0 0.103915 0.046788 0.028663 0.030316
0 0.293009 0.062661 0.021527 0.046191
0 0.525512 0.091232 0.017956 0.049366
0 0.781205 0.122185 0.032229 0.041428
0 0.177650 0.744407 0.026284 0.035078
0 0.306091 0.575359 0.012011 0.030319
0 0.307280 0.534090 0.012011 0.033493
0 0.309659 0.488057 0.019148 0.033491
