0 0.152674 0.927740 0.016769 0.023969
0 0.885268 0.932503 0.028661 0.023969
0 0.814506 0.428534 0.034606 0.022381
0 0.789530 0.499170 0.020337 0.036666
0 0.533837 0.465835 0.015580 0.036666
0 0.220464 0.965043 0.021527 0.025556
0 0.307280 0.831709 0.019148 0.028731
0 0.306686 0.615835 0.022716 0.028729
0 0.187759 0.550756 0.020335 0.025556
0 0.196678 0.399168 0.023905 0.023969
0 0.072399 0.557106 0.027472 0.019206
0 0.017098 0.666630 0.026282 0.019206
0 0.106294 0.370598 0.023905 0.027141
0 0.028991 0.244407 0.021527 0.025554
0 0.243060 0.222184 0.016767 0.022381
0 0.168730 0.196788 0.020335 0.025554
0 0.088455 0.107899 0.023905 0.028731
0 0.122943 0.013514 0.023905 0.027027
0 0.298955 0.046788 0.021525 0.043016
0 0.699741 0.034884 0.021527 0.028731
0 0.924511 0.117424 0.031045 0.035081
0 0.736014 0.245201 0.027472 0.027141
0 0.979814 0.946788 0.017958 0.027141
0 0.975058 0.976153 0.017956 0.019206
