0 0.024234 0.701550 0.031040 0.028731
0 0.027206 0.211074 0.015580 0.019206
0 0.071805 0.146788 0.014390 0.014446
0 0.478536 0.777740 0.019148 0.028731
0 0.385773 0.679328 0.023905 0.031906
0 0.172892 0.823771 0.014390 0.022381
0 0.271008 0.915837 0.017958 0.019206
0 0.084886 0.920598 0.026284 0.022379
0 0.108077 0.620598 0.025093 0.028729
0 0.194299 0.322978 0.028663 0.023969
0 0.306687 0.039645 0.034608 0.031903
0 0.210949 0.038852 0.023905 0.030319
0 0.112834 0.256312 0.029850 0.023969
0 0.055749 0.472184 0.032229 0.017619
0 0.014125 0.919010 0.020337 0.025554
0 0.033153 0.292820 0.020337 0.030316
0 0.111051 0.080915 0.014390 0.022381
0 0.100941 0.157106 0.017958 0.025556
0 0.174081 0.023771 0.014390 0.025556
