0 0.257925 0.821392 0.034608 0.030316
0 0.711634 0.692820 0.031040 0.036666
0 0.910837 0.623773 0.027473 0.028729
0 0.948894 0.522185 0.022716 0.028729
0 0.960191 0.329328 0.023905 0.027144
0 0.897755 0.383296 0.017956 0.023969
0 0.370906 0.571392 0.025093 0.028729
0 0.178244 0.740440 0.022716 0.027144
0 0.048019 0.872978 0.019148 0.025556
0 0.028396 0.719804 0.015580 0.020791
0 0.077155 0.679328 0.015580 0.019206
0 0.128890 0.640440 0.014390 0.017619
0 0.187164 0.598375 0.016767 0.019206
0 0.052776 0.745995 0.021525 0.028729
0 0.148512 0.660281 0.017956 0.025556
0 0.251979 0.568218 0.015580 0.022381
0 0.205003 0.421392 0.026282 0.036666
0 0.357825 0.449962 0.022714 0.030319
0 0.491024 0.325360 0.034608 0.038253
0 0.208570 0.309487 0.019148 0.038256
0 0.021855 0.317423 0.026282 0.044603
0 0.020666 0.169804 0.033419 0.031903
0 0.573678 0.393613 0.019148 0.028729
0 0.771691 0.224565 0.017958 0.023969
0 0.945326 0.091232 0.022716 0.027141
0 0.867429 0.336471 0.031040 0.035081
0 0.684875 0.473773 0.029852 0.043016
0 0.473779 0.640439 0.031040 0.043016
