0 0.725311 0.978534 0.022716 0.033493
0 0.755042 0.858693 0.020337 0.035081
0 0.810343 0.703931 0.021527 0.033493
0 0.307876 0.771392 0.034608 0.025554
0 0.316795 0.487265 0.035797 0.028731
0 0.176460 0.214248 0.023905 0.031903
0 0.335228 0.230121 0.025093 0.025556
0 0.511241 0.163454 0.022716 0.035078
0 0.555244 0.390439 0.025095 0.031903
0 0.668820 0.431709 0.021527 0.031906
0 0.967327 0.612661 0.031040 0.035078
0 0.861482 0.349963 0.023903 0.039841
0 0.838292 0.269010 0.020337 0.033491
0 0.817479 0.184090 0.021527 0.031906
0 0.789530 0.094407 0.020337 0.033491
