0 0.828182 0.172978 0.014390 0.022381
0 0.850778 0.262662 0.016769 0.027144
0 0.865644 0.172185 0.013201 0.027141
0 0.892998 0.136471 0.015580 0.022381
0 0.915000 0.106312 0.014390 0.022381
0 0.698551 0.093613 0.014390 0.025554
0 0.771097 0.007958 0.019148 0.015915
0 0.680117 0.403931 0.020337 0.020794
0 0.763367 0.372978 0.015580 0.019206
0 0.718174 0.555518 0.022716 0.025556
0 0.747907 0.228534 0.015580 0.025556
0 0.948894 0.544407 0.017958 0.028729
0 0.664657 0.585677 0.034606 0.028731
0 0.927487 0.588059 0.017958 0.027144
0 0.781801 0.486471 0.021527 0.020794
0 0.787152 0.223771 0.015580 0.022381
0 0.364960 0.153932 0.032231 0.041428
0 0.515403 0.361867 0.026284 0.035078
0 0.789530 0.268218 0.015580 0.019206
0 0.764557 0.298375 0.015580 0.019206
0 0.746718 0.349962 0.017958 0.027144
0 0.741366 0.331709 0.014390 0.019206
0 0.806180 0.196787 0.015580 0.019206
