0 0.523728 0.011132 0.021525 0.022265
0 0.268034 0.773771 0.019148 0.027144
0 0.322741 0.738851 0.023905 0.036666
0 0.379826 0.691232 0.023905 0.036666
0 0.570110 0.729328 0.026284 0.033493
0 0.562380 0.522185 0.025093 0.044603
0 0.478536 0.526154 0.026284 0.036666
0 0.532648 0.425360 0.022716 0.041428
0 0.568920 0.352345 0.023905 0.041428
0 0.673577 0.452343 0.026282 0.035081
0 0.739581 0.611074 0.022716 0.035081
0 0.759205 0.953137 0.023905 0.036668
0 0.661089 0.281709 0.022716 0.033493
0 0.596274 0.279328 0.021525 0.031906
0 0.573083 0.181709 0.025095 0.030319
0 0.826399 0.024566 0.027472 0.039841
0 0.546325 0.091232 0.023903 0.036666
0 0.216301 0.553931 0.022716 0.038256
