0 0.512430 0.503137 0.017958 0.019206
0 0.616491 0.582503 0.019146 0.031906
0 0.644439 0.621392 0.017958 0.027141
0 0.685470 0.678534 0.012011 0.020794
0 0.776449 0.683296 0.015580 0.030319
0 0.811532 0.738852 0.021527 0.027144
0 0.802614 0.610281 0.017958 0.023969
0 0.826399 0.579328 0.020335 0.025556
0 0.229383 0.891232 0.020337 0.027141
0 0.138998 0.878534 0.020337 0.023969
0 0.357230 0.707899 0.019146 0.022381
0 0.370312 0.596787 0.023903 0.022381
0 0.097968 0.204724 0.019148 0.025556
0 0.406585 0.160281 0.020337 0.022381
0 0.335823 0.058693 0.021525 0.025556
0 0.312633 0.212662 0.025095 0.025556
0 0.573678 0.193613 0.026284 0.028729
0 0.631953 0.040439 0.021527 0.036666
0 0.621248 0.345201 0.019148 0.030316
0 0.667631 0.407106 0.016769 0.033493
0 0.736608 0.173771 0.016769 0.027144
0 0.488049 0.538852 0.014390 0.020794
0 0.850778 0.546787 0.014390 0.020794
0 0.982193 0.682503 0.022716 0.028731
0 0.941163 0.549168 0.014390 0.019206
0 0.923919 0.522184 0.013201 0.019206
0 0.903106 0.492821 0.016769 0.017619
0 0.896566 0.477740 0.010822 0.016031
0 0.928081 0.360281 0.019148 0.035081
0 0.922134 0.313456 0.019148 0.027144
0 0.903701 0.286471 0.010822 0.017619
0 0.882888 0.258693 0.014390 0.019206
0 0.873970 0.242027 0.013201 0.023969
0 0.948894 0.153137 0.022716 0.023969
0 0.060506 0.404724 0.017958 0.019206
0 0.715795 0.549962 0.017958 0.023969
