0 0.291820 0.960281 0.026284 0.038256
0 0.250195 0.825360 0.026284 0.038253
0 0.217491 0.833296 0.022716 0.031906
0 0.200841 0.841232 0.022716 0.028729
0 0.158621 0.860281 0.023905 0.031906
0 0.080723 0.892026 0.027473 0.031903
0 0.068831 0.903137 0.020337 0.028731
0 0.030775 0.913454 0.025095 0.033491
0 0.372096 0.836470 0.029850 0.041428
0 0.514214 0.843613 0.028663 0.039841
0 0.630762 0.896788 0.028661 0.041428
0 0.925108 0.977740 0.022716 0.031906
0 0.573082 0.522979 0.029850 0.046191
0 0.740771 0.400757 0.022716 0.036666
0 0.268034 0.577740 0.023905 0.031906
0 0.323335 0.538059 0.025095 0.031906
0 0.382205 0.486471 0.026284 0.033493
0 0.483887 0.319010 0.022714 0.038253
0 0.535621 0.219804 0.023905 0.033491
0 0.571894 0.151550 0.025095 0.033493
0 0.568920 0.319010 0.023905 0.031903
0 0.674766 0.245995 0.026282 0.038253
0 0.660494 0.080121 0.023905 0.039843
0 0.594491 0.080121 0.022716 0.033493
0 0.220463 0.359487 0.023903 0.033493
0 0.771098 0.761073 0.023903 0.039841
