0 0.626600 0.935677 0.020337 0.033493
0 0.795477 0.839646 0.020337 0.028731
0 0.959003 0.792820 0.026282 0.033491
0 0.961382 0.942026 0.031040 0.036666
0 0.883484 0.673773 0.022714 0.036666
0 0.760394 0.728534 0.023905 0.031906
0 0.991959 0.639645 0.016081 0.031903
0 0.934027 0.622979 0.021525 0.030316
0 0.872186 0.602343 0.016769 0.023969
0 0.808560 0.581709 0.025093 0.027144
0 0.742555 0.561868 0.019148 0.022381
0 0.670604 0.540440 0.020337 0.027144
0 0.594491 0.513456 0.020337 0.027144
0 0.284685 0.941234 0.023903 0.025556
0 0.853752 0.492026 0.020337 0.031903
0 0.812127 0.479328 0.022716 0.025556
0 0.769313 0.465043 0.020335 0.025556
0 0.097969 0.984069 0.028661 0.031863
0 0.215112 0.967423 0.020337 0.030316
0 0.724121 0.451550 0.017958 0.023969
0 0.675955 0.436471 0.019146 0.035081
0 0.630763 0.425360 0.019148 0.035078
0 0.133051 0.725359 0.017958 0.025556
0 0.037315 0.680121 0.023903 0.027144
0 0.155053 0.574566 0.026284 0.031903
0 0.387556 0.736471 0.029850 0.031906
0 0.162189 0.447581 0.021527 0.025556
0 0.092616 0.244407 0.022714 0.031903
0 0.043261 0.069804 0.021527 0.038253
0 0.197273 0.040439 0.025095 0.030316
0 0.309659 0.077740 0.026284 0.035081
0 0.381015 0.173773 0.026284 0.036666
0 0.489239 0.847582 0.019148 0.035078
0 0.407180 0.947582 0.023905 0.031903
0 0.732446 0.122185 0.025093 0.050953
0 0.896565 0.211073 0.025093 0.044603
0 0.519566 0.758693 0.022716 0.035081
0 0.634925 0.771392 0.020335 0.028729
