0 0.707472 0.276153 0.020337 0.022381
0 0.804397 0.136471 0.016767 0.025556
0 0.923919 0.125359 0.010822 0.022381
0 0.863860 0.130915 0.016769 0.017619
0 0.840076 0.144407 0.014390 0.019209
0 0.943542 0.176153 0.021527 0.025556
0 0.898349 0.207899 0.012013 0.019206
0 0.559406 0.168217 0.031040 0.031903
0 0.786558 0.387265 0.021525 0.022381
0 0.793098 0.276946 0.015580 0.027144
0 0.715795 0.433296 0.020337 0.028731
0 0.658116 0.427740 0.038176 0.023969
0 0.888241 0.115043 0.020337 0.020794
0 0.939973 0.507899 0.016769 0.025556
0 0.780612 0.245200 0.012011 0.020794
