0 0.795477 0.061073 0.022716 0.036666
0 0.963759 0.084090 0.023905 0.035081
0 0.335229 0.011132 0.013201 0.022265
0 0.156837 0.526946 0.025095 0.025556
0 0.021854 0.349170 0.021527 0.031903
0 0.461292 0.895995 0.022716 0.030316
0 0.524918 0.656312 0.026282 0.043018
0 0.151486 0.646788 0.028661 0.030316
0 0.210949 0.801550 0.019148 0.019206
0 0.221059 0.975359 0.017958 0.023969
0 0.296578 0.271392 0.019148 0.028729
0 0.363771 0.112661 0.027473 0.041428
0 0.522539 0.111074 0.019146 0.031906
0 0.662278 0.134884 0.020337 0.028731
0 0.684875 0.657106 0.022716 0.041431
0 0.906080 0.599170 0.034608 0.039841
0 0.749096 0.522185 0.022714 0.038253
0 0.640277 0.326153 0.012011 0.017619
0 0.291225 0.357106 0.017958 0.025556
0 0.294794 0.315835 0.015580 0.028729
0 0.791314 0.157899 0.016769 0.020794
0 0.912621 0.180121 0.014390 0.027144
0 0.923919 0.222184 0.015580 0.025556
0 0.985167 0.246787 0.016769 0.017619
0 0.863860 0.203137 0.019148 0.019206
0 0.799640 0.185677 0.019148 0.019206
0 0.732445 0.168217 0.015580 0.022379
0 0.567136 0.025359 0.020337 0.031906
