0 0.228788 0.418217 0.021527 0.023966
0 0.199057 0.355518 0.019148 0.028731
0 0.115212 0.361868 0.017958 0.022381
0 0.094400 0.326153 0.016769 0.023969
0 0.062290 0.272979 0.021527 0.028729
0 0.316795 0.553931 0.021525 0.025556
0 0.125322 0.738852 0.019148 0.027144
0 0.067047 0.875359 0.016769 0.023969
0 0.349499 0.373773 0.029850 0.039841
0 0.363771 0.268217 0.022716 0.028729
0 0.498754 0.086471 0.016769 0.027144
0 0.158027 0.530915 0.017958 0.020794
0 0.589733 0.096788 0.022716 0.031903
0 0.596868 0.805518 0.022714 0.039843
0 0.523134 0.582503 0.022714 0.031906
0 0.649197 0.599168 0.022716 0.027144
0 0.096779 0.595201 0.023903 0.028729
0 0.056938 0.526946 0.020335 0.035081
0 0.335823 0.911074 0.023903 0.031906
0 0.196083 0.488852 0.015580 0.022381
0 0.205003 0.448375 0.016767 0.020794
