0 0.824615 0.443613 0.019146 0.027141
0 0.020071 0.903137 0.029850 0.028731
0 0.166351 0.831709 0.022714 0.041431
0 0.225221 0.942026 0.026282 0.033491
0 0.416098 0.952343 0.020337 0.035081
0 0.592706 0.905518 0.019148 0.039843
0 0.762178 0.815042 0.017958 0.033491
0 0.928080 0.715043 0.035797 0.027144
0 0.950083 0.757899 0.020337 0.036668
0 0.877537 0.864248 0.022714 0.036666
0 0.953057 0.942820 0.016769 0.028729
0 0.848400 0.941232 0.019148 0.031903
0 0.737797 0.938851 0.026284 0.036666
0 0.618870 0.987243 0.031040 0.025513
0 0.868617 0.621392 0.028663 0.036666
0 0.647413 0.747582 0.019148 0.038253
0 0.406585 0.806313 0.015580 0.044603
0 0.864455 0.465042 0.017958 0.028729
0 0.843642 0.461074 0.014390 0.027144
0 0.821047 0.480915 0.016769 0.028731
0 0.798451 0.442026 0.012011 0.033491
0 0.774070 0.435677 0.017958 0.020794
0 0.765746 0.265043 0.013201 0.022381
0 0.772286 0.125359 0.023905 0.031906
0 0.876943 0.407899 0.012011 0.025556
0 0.542162 0.234884 0.017956 0.028731
0 0.756231 0.401550 0.020337 0.028731
