0 0.508268 0.809486 0.023903 0.041428
0 0.118186 0.350756 0.019148 0.031906
0 0.037910 0.087264 0.027472 0.041428
0 0.272197 0.942820 0.020337 0.028729
0 0.335823 0.860281 0.019146 0.028731
0 0.018287 0.871392 0.023903 0.025554
0 0.025422 0.971392 0.016769 0.028729
0 0.014125 0.790440 0.017958 0.025556
0 0.061695 0.734884 0.022716 0.019206
0 0.077155 0.713456 0.015580 0.020794
0 0.067642 0.769804 0.020337 0.025554
0 0.180623 0.610281 0.025095 0.023969
0 0.122348 0.689646 0.017958 0.020794
0 0.106888 0.497582 0.022716 0.027141
0 0.228788 0.507899 0.019148 0.025556
0 0.361987 0.684884 0.021527 0.027144
0 0.073588 0.036471 0.020335 0.028731
