0 0.623627 0.861074 0.016769 0.036668
0 0.581407 0.848377 0.025095 0.036653
0 0.533242 0.834090 0.016769 0.036668
0 0.488644 0.819804 0.017958 0.039841
0 0.084886 0.604724 0.014390 0.019206
0 0.143756 0.636471 0.017958 0.022381
0 0.211544 0.655518 0.015580 0.022381
0 0.277549 0.667424 0.019148 0.023969
0 0.344742 0.680915 0.017958 0.025556
0 0.413125 0.700756 0.014390 0.023969
0 0.482104 0.721392 0.016769 0.027141
0 0.549297 0.744407 0.017958 0.025554
0 0.617681 0.761868 0.019146 0.028731
0 0.689038 0.780120 0.019148 0.033491
0 0.760394 0.799170 0.021527 0.030316
0 0.465454 0.646788 0.021525 0.030316
0 0.335228 0.632503 0.020335 0.020794
0 0.204408 0.622184 0.017956 0.022381
0 0.198461 0.530915 0.029850 0.027144
0 0.388746 0.530915 0.017958 0.027144
0 0.565947 0.489645 0.022716 0.030316
0 0.743150 0.396788 0.017958 0.025554
0 0.902511 0.305518 0.017958 0.030319
0 0.935217 0.367423 0.012013 0.027141
0 0.862671 0.472979 0.021525 0.031903
0 0.949489 0.576946 0.023905 0.033493
0 0.831750 0.557106 0.021527 0.035081
0 0.722337 0.546788 0.028663 0.039841
0 0.594491 0.589645 0.020337 0.033491
0 0.837696 0.194407 0.033419 0.030316
0 0.619465 0.311867 0.022714 0.036666
0 0.381610 0.372185 0.025095 0.036666
0 0.138403 0.395201 0.026284 0.041428
0 0.058127 0.078534 0.015580 0.020794
0 0.835318 0.081709 0.021527 0.033493
0 0.792504 0.091234 0.021527 0.023969
0 0.815695 0.075359 0.017958 0.027144
0 0.791314 0.053931 0.016769 0.028731
0 0.769313 0.050756 0.017958 0.028731
0 0.745528 0.046788 0.017958 0.027141
0 0.843643 0.021392 0.019146 0.027141
0 0.667631 0.869804 0.016769 0.035078
0 0.715201 0.882503 0.021527 0.041431
