0 0.290631 0.509487 0.028663 0.022381
0 0.216895 0.222185 0.031040 0.028729
0 0.105698 0.031709 0.032229 0.031906
0 0.055154 0.372979 0.026282 0.028729
0 0.096779 0.571392 0.023903 0.035078
0 0.680712 0.892026 0.021527 0.025554
0 0.763961 0.973773 0.028661 0.033491
0 0.742555 0.886470 0.019148 0.036666
0 0.765152 0.813454 0.019148 0.033491
0 0.802613 0.742820 0.020335 0.028729
0 0.850184 0.641232 0.027473 0.035078
0 0.936406 0.477740 0.019146 0.028731
0 0.987545 0.422979 0.019148 0.033491
0 0.771098 0.647582 0.026282 0.031903
0 0.761583 0.449963 0.026284 0.033491
0 0.934622 0.140439 0.027472 0.036666
0 0.805586 0.134882 0.031040 0.041428
0 0.686064 0.080121 0.020337 0.030319
0 0.504700 0.069010 0.023903 0.030316
0 0.320363 0.769010 0.035797 0.027141
0 0.988986 0.030121 0.022028 0.031906
0 0.596868 0.574566 0.025093 0.031903
