0 0.391124 0.525359 0.029850 0.025556
0 0.140188 0.106312 0.025095 0.031906
0 0.118780 0.876153 0.022716 0.022381
0 0.752663 0.576946 0.017958 0.023969
0 0.734229 0.577740 0.014390 0.022381
0 0.693795 0.508693 0.019146 0.033493
0 0.760394 0.459487 0.016769 0.027144
0 0.329876 0.017423 0.028661 0.028729
0 0.378043 0.261868 0.027472 0.028731
0 0.782991 0.429328 0.016769 0.023969
0 0.824020 0.444407 0.017956 0.019209
0 0.408368 0.812662 0.028661 0.031906
0 0.025422 0.831709 0.028663 0.031906
0 0.936406 0.438852 0.019146 0.030319
0 0.781206 0.159486 0.022716 0.039841
0 0.718174 0.649962 0.025095 0.030319
0 0.866239 0.943613 0.019148 0.027141
0 0.760394 0.650757 0.023905 0.035078
0 0.796667 0.620598 0.020337 0.031903
0 0.780017 0.578534 0.015580 0.027144
0 0.223437 0.905518 0.020335 0.036668
0 0.011152 0.359487 0.019148 0.023969
0 0.105104 0.273771 0.019148 0.020794
