0 0.202624 0.509487 0.033419 0.070000
0 0.222842 0.420598 0.038176 0.085872
0 0.118186 0.358693 0.021527 0.022381
0 0.020070 0.327740 0.015580 0.023969
0 0.125322 0.832503 0.021527 0.030319
0 0.471400 0.964248 0.016769 0.039841
0 0.705093 0.918217 0.020337 0.052540
0 0.836508 0.469010 0.023905 0.033491
0 0.785368 0.488852 0.023903 0.028731
0 0.884078 0.580121 0.016769 0.027144
0 0.892403 0.474565 0.014390 0.028731
0 0.373285 0.424565 0.017956 0.023969
0 0.451182 0.331709 0.016769 0.025556
0 0.439884 0.222978 0.017958 0.027144
0 0.315011 0.257899 0.017958 0.020794
0 0.326309 0.183296 0.016769 0.030319
0 0.513025 0.201550 0.021527 0.028731
0 0.526107 0.142026 0.021525 0.039841
0 0.568326 0.076946 0.022716 0.027144
0 0.680117 0.380915 0.020337 0.028731
0 0.823425 0.280915 0.016767 0.019206
0 0.821642 0.254724 0.015580 0.020794
0 0.803208 0.241234 0.014390 0.019206
0 0.789530 0.223771 0.013201 0.016031
0 0.776449 0.203137 0.015580 0.019206
0 0.905485 0.646787 0.019148 0.023969
0 0.156242 0.621392 0.040553 0.062065
0 0.191327 0.565835 0.034608 0.046191
