0 0.934028 0.472184 0.014390 0.020794
0 0.901322 0.457899 0.017958 0.020794
0 0.915594 0.369804 0.020335 0.028729
0 0.972085 0.293613 0.014390 0.025554
0 0.853157 0.222184 0.014390 0.022381
0 0.479725 0.467423 0.016769 0.027141
0 0.481509 0.412662 0.017958 0.025556
0 0.369717 0.442820 0.025093 0.025554
0 0.348905 0.464249 0.019148 0.023969
0 0.323335 0.496788 0.015580 0.025554
0 0.190137 0.510281 0.027472 0.020794
0 0.049803 0.677740 0.020337 0.028731
0 0.005605 0.577740 0.011210 0.028731
0 0.045045 0.457899 0.017958 0.023969
0 0.084292 0.161074 0.020337 0.027144
0 0.111645 0.107899 0.017956 0.031906
0 0.019476 0.074565 0.019146 0.019206
0 0.133646 0.076946 0.014390 0.027144
0 0.158621 0.119010 0.019148 0.035078
0 0.204408 0.116629 0.022714 0.030316
0 0.260899 0.126946 0.021525 0.028731
0 0.324525 0.120598 0.025095 0.031903
0 0.545729 0.106312 0.017958 0.025556
0 0.526701 0.024566 0.017958 0.036666
0 0.617086 0.083296 0.017956 0.030319
0 0.671794 0.022978 0.015580 0.023969
0 0.729473 0.087265 0.016767 0.025556
0 0.709850 0.138059 0.017958 0.028731
0 0.692011 0.201550 0.015580 0.028731
0 0.583191 0.363456 0.019148 0.025556
0 0.875159 0.039646 0.017958 0.025556
0 0.935218 0.084884 0.014390 0.023969
0 0.862671 0.498376 0.028661 0.041428
0 0.869807 0.559487 0.014390 0.020794
0 0.824615 0.572978 0.019146 0.022381
0 0.776449 0.595995 0.017958 0.023966
0 0.755636 0.649168 0.021527 0.025556
0 0.810937 0.709487 0.017958 0.028731
0 0.857320 0.738851 0.020337 0.033491
