0 0.127106 0.196788 0.017958 0.025554
0 0.463076 0.950757 0.021527 0.044603
0 0.378042 0.856312 0.020337 0.027144
0 0.548108 0.841234 0.025095 0.025556
0 0.620060 0.740439 0.023903 0.030316
0 0.566542 0.601550 0.021527 0.031906
0 0.456535 0.580121 0.029850 0.027144
0 0.408369 0.639646 0.016769 0.025556
0 0.630169 0.416630 0.017958 0.023969
0 0.651575 0.234090 0.022714 0.039843
0 0.807370 0.440439 0.025093 0.043016
0 0.952461 0.631710 0.036987 0.044603
0 0.523134 0.348376 0.015580 0.030316
0 0.527295 0.612662 0.012011 0.016031
0 0.507079 0.643613 0.021525 0.023966
0 0.484483 0.672184 0.019148 0.020794
0 0.363771 0.252343 0.017958 0.022381
0 0.341769 0.255518 0.014390 0.022381
0 0.320362 0.231709 0.016769 0.022381
0 0.295983 0.202343 0.020337 0.027144
0 0.284684 0.356312 0.019148 0.023969
0 0.251979 0.312662 0.022716 0.028731
0 0.138403 0.211868 0.016769 0.020794
0 0.158621 0.525359 0.021527 0.022381
0 0.142566 0.503137 0.020337 0.028731
0 0.213922 0.451550 0.020337 0.023969
0 0.007389 0.175359 0.014778 0.030319
0 0.053965 0.032503 0.019146 0.027144
