0 0.441074 0.761074 0.025095 0.030319
0 0.355446 0.660281 0.022714 0.028731
0 0.367339 0.558693 0.020337 0.022381
0 0.394098 0.522184 0.019146 0.025556
0 0.422045 0.479328 0.017958 0.028731
0 0.435127 0.380915 0.022716 0.025556
0 0.502916 0.372184 0.020335 0.023969
0 0.529080 0.339646 0.017958 0.025556
0 0.551676 0.302343 0.013201 0.020794
0 0.504700 0.157899 0.016767 0.027144
0 0.269818 0.332503 0.022716 0.027144
0 0.200841 0.257899 0.015580 0.017619
0 0.141972 0.333296 0.019148 0.025556
0 0.124133 0.311074 0.019148 0.019206
0 0.024828 0.188852 0.020337 0.028731
0 0.347716 0.066629 0.023905 0.025554
0 0.326309 0.072978 0.016769 0.019206
0 0.306091 0.049168 0.012011 0.022381
0 0.285873 0.020598 0.016769 0.025554
0 0.128295 0.032503 0.010822 0.014444
0 0.119970 0.020597 0.015580 0.019206
0 0.933433 0.436471 0.034608 0.031906
0 0.784179 0.234090 0.028661 0.033493
0 0.629574 0.041232 0.023905 0.035078
0 0.609951 0.222185 0.022716 0.031903
0 0.548703 0.407106 0.019148 0.027144
0 0.601031 0.546788 0.019146 0.030316
0 0.526107 0.646788 0.023903 0.030316
