0 0.772881 0.742821 0.013201 0.022381
0 0.785369 0.652343 0.016769 0.028731
0 0.867428 0.706312 0.019148 0.022381
0 0.804991 0.530121 0.017956 0.019206
0 0.700930 0.346788 0.021527 0.027141
0 0.643250 0.406312 0.017958 0.019206
0 0.499943 0.547581 0.023905 0.022381
0 0.421451 0.625359 0.019148 0.019206
0 0.245438 0.641232 0.038176 0.035078
0 0.297766 0.464248 0.028661 0.039841
0 0.557622 0.199170 0.027472 0.043016
0 0.881105 0.393613 0.025093 0.028729
0 0.759799 0.161074 0.027473 0.030319
0 0.370906 0.799963 0.025093 0.031903
0 0.549892 0.903137 0.021527 0.028731
0 0.627790 0.834090 0.017958 0.020794
0 0.687848 0.805518 0.014390 0.020794
0 0.713417 0.784884 0.013201 0.020794
0 0.700335 0.755518 0.017958 0.022381
0 0.759799 0.820598 0.022716 0.022379
