0 0.959598 0.849170 0.025093 0.038253
0 0.972679 0.960279 0.029850 0.044603
0 0.741366 0.965835 0.023905 0.030316
0 0.671198 0.495995 0.031040 0.043016
0 0.692010 0.303932 0.025093 0.043016
0 0.725904 0.162661 0.026282 0.033491
0 0.762773 0.018217 0.021527 0.033491
0 0.885267 0.230915 0.023905 0.043018
0 0.354851 0.838852 0.026282 0.027144
0 0.395287 0.579328 0.028661 0.025556
0 0.416694 0.292026 0.026282 0.035078
0 0.381016 0.056312 0.033419 0.036668
0 0.241277 0.319804 0.015580 0.017621
0 0.007389 0.235677 0.014778 0.027144
0 0.880510 0.108693 0.021525 0.033493
0 0.814506 0.135677 0.025095 0.036668
