0 0.884673 0.543613 0.034608 0.027141
0 0.210354 0.711868 0.017958 0.023969
0 0.134241 0.542027 0.015580 0.017619
0 0.938189 0.939646 0.017958 0.028731
0 0.298955 0.433296 0.021525 0.031906
0 0.878726 0.265835 0.029850 0.030316
0 0.202625 0.579328 0.019148 0.025556
0 0.979221 0.669010 0.026282 0.027141
0 0.975652 0.699962 0.021525 0.028731
0 0.305496 0.218217 0.025095 0.033491
0 0.535027 0.045995 0.020337 0.035078
0 0.808560 0.044407 0.029850 0.031903
0 0.992897 0.600756 0.013203 0.023969
0 0.191327 0.159487 0.025093 0.023969
0 0.986356 0.634884 0.016769 0.025556
0 0.207382 0.022185 0.021525 0.035078
0 0.008773 0.286471 0.016769 0.023969
0 0.780016 0.104724 0.029850 0.038256
0 0.969112 0.734884 0.022716 0.035081
0 0.837101 0.816629 0.032229 0.036666
0 0.986356 0.949962 0.016769 0.023969
0 0.983383 0.066629 0.027473 0.028729
0 0.153270 0.934090 0.025093 0.030319
0 0.027801 0.898375 0.016769 0.022381
