0 0.697956 0.417423 0.022716 0.035078
0 0.401828 0.645995 0.020337 0.028729
0 0.548703 0.937264 0.023905 0.036666
0 0.486861 0.825360 0.028661 0.050953
0 0.528486 0.654724 0.026282 0.036668
0 0.551081 0.557899 0.023905 0.036668
0 0.589138 0.525359 0.016769 0.028731
0 0.564163 0.477740 0.016769 0.028731
0 0.603409 0.451550 0.021527 0.030319
0 0.646818 0.453931 0.015580 0.031906
0 0.677740 0.460281 0.022714 0.028731
0 0.677145 0.602343 0.021525 0.030319
0 0.666441 0.529328 0.014390 0.030319
0 0.653954 0.526153 0.017956 0.020794
0 0.633737 0.530915 0.017958 0.023969
0 0.614708 0.526946 0.015580 0.025556
0 0.433938 0.241234 0.022714 0.025556
0 0.497564 0.130121 0.021527 0.022381
0 0.309064 0.217423 0.025095 0.028729
0 0.134835 0.133296 0.021527 0.025556
0 0.677144 0.018217 0.016769 0.030316
0 0.768124 0.069804 0.027472 0.035078
0 0.950082 0.599962 0.039366 0.028731
0 0.944732 0.847582 0.033419 0.038253
0 0.953651 0.326946 0.029850 0.031906
0 0.951866 0.088851 0.026282 0.041428
