0 0.096779 0.612662 0.023903 0.025556
0 0.273386 0.400756 0.025095 0.030319
0 0.268034 0.372978 0.021527 0.022381
0 0.677740 0.931709 0.027472 0.038256
0 0.878132 0.940439 0.023903 0.046191
0 0.228193 0.390440 0.020337 0.022381
0 0.241276 0.363456 0.020335 0.028731
0 0.247222 0.309487 0.022716 0.028731
0 0.233545 0.253137 0.019148 0.030319
0 0.213328 0.206312 0.021527 0.028731
0 0.271008 0.208693 0.025095 0.030319
0 0.269223 0.249168 0.021527 0.028731
0 0.259115 0.089645 0.022714 0.030316
0 0.185380 0.083296 0.022714 0.030319
0 0.313821 0.034090 0.025093 0.030319
0 0.447020 0.876948 0.029850 0.036666
0 0.447020 0.056312 0.022714 0.043018
0 0.465454 0.326946 0.026282 0.035081
0 0.347121 0.575360 0.022716 0.033491
0 0.177650 0.971392 0.023905 0.031903
0 0.570705 0.477741 0.015580 0.041428
0 0.183002 0.847582 0.020337 0.028729
0 0.189543 0.711074 0.021525 0.031906
0 0.549297 0.549962 0.020337 0.027144
0 0.640277 0.724566 0.028661 0.030316
0 0.202030 0.552343 0.020337 0.035081
