0 0.306091 0.088059 0.016769 0.020794
0 0.406585 0.286471 0.017958 0.027144
0 0.485672 0.179328 0.014390 0.022381
0 0.508862 0.145200 0.013201 0.020794
0 0.536811 0.115837 0.012011 0.019206
0 0.591517 0.038852 0.016769 0.017619
0 0.912620 0.238059 0.031040 0.031906
0 0.190731 0.074565 0.016769 0.019206
0 0.133051 0.149962 0.015580 0.020794
0 0.115807 0.126946 0.019148 0.025556
0 0.420261 0.188852 0.016769 0.025556
0 0.325714 0.115043 0.020337 0.023969
0 0.376258 0.326153 0.016769 0.027144
0 0.284684 0.063456 0.012011 0.016031
0 0.347716 0.363456 0.016769 0.022381
0 0.527295 0.211074 0.012011 0.025556
0 0.336418 0.459487 0.020335 0.027144
0 0.420261 0.567424 0.019148 0.023969
0 0.507672 0.448375 0.015580 0.014444
0 0.583191 0.346788 0.019148 0.027141
0 0.921540 0.887265 0.022716 0.031906
