0 0.195489 0.835677 0.016769 0.023969
0 0.103320 0.961074 0.017958 0.020794
0 0.140782 0.907106 0.016769 0.027144
0 0.250790 0.755518 0.020337 0.025556
0 0.315011 0.669010 0.013201 0.023966
0 0.202624 0.884884 0.023903 0.030319
0 0.236519 0.930915 0.020337 0.030319
0 0.717580 0.558693 0.023905 0.041431
0 0.343553 0.488851 0.025095 0.031903
0 0.164567 0.414248 0.026282 0.031903
0 0.104509 0.499962 0.017958 0.025556
0 0.061695 0.529328 0.020337 0.023969
0 0.042667 0.557899 0.017958 0.020794
0 0.049208 0.585677 0.021527 0.025556
0 0.109266 0.163456 0.025093 0.028731
0 0.024828 0.211868 0.022716 0.027144
0 0.091427 0.307899 0.025093 0.031906
