0 0.060506 0.851550 0.015580 0.027144
0 0.035531 0.771392 0.017956 0.028729
0 0.176460 0.916629 0.023905 0.027141
0 0.212138 0.929328 0.019148 0.030319
0 0.360797 0.974565 0.016769 0.025556
0 0.457723 0.955518 0.020337 0.022381
0 0.512430 0.954724 0.020337 0.020794
0 0.584382 0.920598 0.026282 0.038253
0 0.640871 0.894407 0.020337 0.030316
0 0.773475 0.888851 0.016769 0.035078
0 0.788936 0.862662 0.019148 0.023969
0 0.858509 0.838059 0.017958 0.028731
0 0.973868 0.841234 0.017956 0.025556
0 0.969706 0.632503 0.016769 0.027144
0 0.791909 0.608693 0.022716 0.036668
0 0.676550 0.576946 0.025093 0.033493
0 0.614708 0.556312 0.017958 0.023969
0 0.601031 0.564249 0.023903 0.030319
0 0.491617 0.524565 0.016769 0.023969
0 0.455939 0.519804 0.016769 0.023966
0 0.451777 0.599168 0.015580 0.020794
0 0.433938 0.594407 0.013201 0.020791
0 0.371502 0.551550 0.016769 0.017619
0 0.312038 0.534884 0.021527 0.019206
0 0.381015 0.507106 0.016769 0.023969
0 0.355446 0.492820 0.015578 0.023966
0 0.255547 0.473771 0.020337 0.023969
0 0.181813 0.456312 0.017958 0.027144
0 0.198462 0.509487 0.020337 0.025556
0 0.116996 0.441234 0.019148 0.022381
0 0.038504 0.423771 0.016769 0.022381
0 0.031964 0.512662 0.022716 0.031906
0 0.036721 0.267423 0.029850 0.039841
0 0.055154 0.239646 0.023903 0.025556
0 0.079535 0.211074 0.029850 0.031906
0 0.328093 0.345201 0.027473 0.046191
0 0.306094 0.169007 0.023911 0.036658
0 0.755042 0.453931 0.022716 0.035081
0 0.769313 0.324565 0.017958 0.030319
0 0.697363 0.110279 0.026282 0.039841
0 0.040883 0.175359 0.021527 0.023969
0 0.021854 0.222979 0.019148 0.030316
