0 0.760989 0.902343 0.017958 0.027144
0 0.547514 0.975339 0.035797 0.049323
0 0.786558 0.872185 0.016767 0.027141
0 0.818669 0.840440 0.019148 0.027144
0 0.782396 0.788059 0.015580 0.023969
0 0.772881 0.806312 0.020337 0.025556
0 0.727094 0.668217 0.023903 0.028729
0 0.897160 0.739646 0.021525 0.028731
0 0.921540 0.699170 0.020337 0.030316
0 0.948299 0.663456 0.023905 0.031906
0 0.396476 0.768217 0.028661 0.035078
0 0.246033 0.559487 0.025093 0.030319
0 0.102132 0.336470 0.032229 0.041428
0 0.143755 0.091232 0.029850 0.039841
