0 0.743150 0.153137 0.046500 0.071587
0 0.645034 0.963454 0.026284 0.041428
0 0.529675 0.951550 0.026282 0.033493
0 0.403017 0.935677 0.029852 0.036668
0 0.149702 0.918217 0.022714 0.023966
0 0.170514 0.772185 0.023903 0.036666
0 0.172297 0.645995 0.022716 0.031903
0 0.099752 0.442820 0.022716 0.035078
0 0.040884 0.252343 0.023903 0.035081
0 0.956624 0.975360 0.021525 0.033491
0 0.991959 0.827740 0.016081 0.027144
0 0.890025 0.866629 0.021527 0.031903
0 0.769908 0.920598 0.021525 0.035078
0 0.939973 0.817423 0.019148 0.028729
0 0.879321 0.798376 0.019146 0.028729
0 0.818669 0.781709 0.014390 0.030319
0 0.753852 0.761868 0.020337 0.028731
0 0.681902 0.743613 0.016769 0.027141
0 0.602815 0.715835 0.022714 0.031903
0 0.864455 0.687264 0.022714 0.038253
0 0.821641 0.673773 0.022714 0.036666
0 0.779422 0.663456 0.019148 0.028731
0 0.734229 0.647582 0.019148 0.041428
0 0.690821 0.637265 0.022714 0.030319
0 0.643845 0.622979 0.021527 0.036666
0 0.749690 0.336470 0.026282 0.041428
0 0.909053 0.417423 0.026284 0.035078
0 0.584976 0.169010 0.025093 0.043016
0 0.778828 0.101551 0.027473 0.041428
0 0.786558 0.043613 0.031040 0.065240
0 0.313822 0.275360 0.022716 0.033491
0 0.199057 0.230121 0.023905 0.035081
0 0.147323 0.090439 0.022714 0.031903
0 0.362581 0.111868 0.020337 0.027144
