0 0.741366 0.719804 0.016769 0.033491
0 0.783585 0.590439 0.013201 0.031903
0 0.825208 0.452345 0.015580 0.038253
0 0.093211 0.873773 0.023903 0.043016
0 0.315011 0.953138 0.017958 0.049366
0 0.868024 0.307898 0.022714 0.041428
0 0.944731 0.199962 0.021527 0.019206
0 0.944136 0.176153 0.015580 0.025556
0 0.906674 0.178534 0.014390 0.027144
0 0.925703 0.154724 0.016769 0.027144
0 0.937000 0.109487 0.015580 0.031906
0 0.808559 0.801551 0.015580 0.035078
0 0.932839 0.058693 0.019148 0.038256
0 0.963165 0.072185 0.020337 0.036666
0 0.969112 0.038059 0.020337 0.031906
0 0.259115 0.085677 0.020335 0.028731
0 0.524323 0.628534 0.022714 0.035081
0 0.825208 0.807899 0.013201 0.028731
0 0.969706 0.899963 0.021527 0.035078
0 0.788342 0.963454 0.025093 0.047778
0 0.571894 0.477741 0.022716 0.041428
0 0.696172 0.868217 0.019148 0.035078
0 0.781801 0.811868 0.023905 0.033493
0 0.793098 0.775360 0.017958 0.036666
0 0.771691 0.763456 0.015580 0.025556
0 0.747906 0.751550 0.017956 0.030319
