0 0.869807 0.518217 0.019148 0.039841
0 0.357825 0.938057 0.025093 0.035078
0 0.485671 0.944407 0.023903 0.031903
0 0.559407 0.923773 0.019148 0.028729
0 0.562973 0.880121 0.016769 0.039843
0 0.692605 0.872979 0.023903 0.035078
0 0.849589 0.704724 0.023905 0.025556
0 0.846616 0.605518 0.025093 0.030319
0 0.734825 0.709487 0.025093 0.022381
0 0.602220 0.754724 0.019148 0.030319
0 0.475563 0.820598 0.015580 0.025554
0 0.304307 0.899962 0.020337 0.025556
0 0.145539 0.972185 0.023903 0.027141
0 0.035531 0.888851 0.027472 0.031903
0 0.229383 0.801551 0.022716 0.038253
0 0.404801 0.681709 0.023905 0.033493
0 0.511241 0.565043 0.027472 0.028731
0 0.656927 0.499962 0.026282 0.028731
0 0.618276 0.274565 0.027472 0.028731
0 0.526702 0.110281 0.022714 0.033493
0 0.546919 0.043613 0.017958 0.052540
0 0.140188 0.581709 0.025095 0.033493
0 0.153864 0.442820 0.023905 0.025554
0 0.167541 0.299170 0.025093 0.030316
0 0.187164 0.145201 0.026282 0.030316
0 0.324525 0.139645 0.022716 0.035078
0 0.421451 0.441232 0.021527 0.028729
0 0.272197 0.638059 0.020337 0.025556
0 0.249600 0.635677 0.015580 0.023969
0 0.228193 0.615043 0.020337 0.027144
0 0.203814 0.611868 0.016769 0.027144
0 0.180028 0.610281 0.016769 0.023969
0 0.144350 0.736471 0.021527 0.031906
