0 0.243654 0.923773 0.027472 0.038253
0 0.367339 0.950756 0.027473 0.031906
0 0.268034 0.845995 0.016769 0.025554
0 0.552866 0.956312 0.027473 0.043018
0 0.629574 0.961868 0.023905 0.031906
0 0.665252 0.973773 0.023905 0.033491
0 0.736013 0.978534 0.025095 0.036668
0 0.944731 0.965042 0.023905 0.031903
0 0.990770 0.961074 0.018460 0.027144
0 0.348311 0.749170 0.022716 0.031903
0 0.476157 0.753931 0.023905 0.035081
0 0.548703 0.725360 0.021527 0.031903
0 0.555839 0.684090 0.016769 0.038256
0 0.841264 0.494407 0.026282 0.023966
0 0.837696 0.396788 0.026282 0.025554
0 0.134836 0.776153 0.026282 0.025556
0 0.293009 0.693613 0.021527 0.022379
0 0.466644 0.608693 0.014390 0.030319
0 0.592112 0.545995 0.017958 0.028729
0 0.723527 0.499168 0.016769 0.023969
0 0.015908 0.695995 0.026282 0.030316
0 0.214517 0.592820 0.023905 0.030316
0 0.392313 0.464248 0.022714 0.033491
0 0.501133 0.350756 0.019148 0.028731
0 0.412531 0.224565 0.020335 0.027144
0 0.648008 0.283296 0.022716 0.030319
0 0.858509 0.303932 0.020337 0.039841
0 0.606383 0.061074 0.027473 0.027144
0 0.259710 0.386471 0.016769 0.020794
0 0.216896 0.415837 0.016769 0.025556
0 0.194894 0.414248 0.015580 0.031903
0 0.167542 0.410281 0.015580 0.027144
0 0.132457 0.535677 0.021525 0.030319
0 0.132457 0.376153 0.021525 0.031906
0 0.147918 0.239646 0.019146 0.028731
0 0.164567 0.103931 0.023903 0.036668
0 0.688442 0.680915 0.032229 0.035081
0 0.138998 0.900757 0.022716 0.036666
0 0.035531 0.918217 0.027472 0.033491
