0 0.373285 0.753931 0.025093 0.028731
0 0.453561 0.799962 0.016769 0.019206
0 0.435722 0.796787 0.016769 0.022381
0 0.964354 0.825359 0.020337 0.028731
0 0.785368 0.807106 0.023903 0.036668
0 0.674171 0.769804 0.025093 0.038253
0 0.599842 0.760281 0.021525 0.028731
0 0.614708 0.758693 0.015580 0.028731
0 0.492807 0.730915 0.019148 0.023969
0 0.466644 0.731709 0.016769 0.035081
0 0.381015 0.704724 0.019148 0.028731
0 0.357824 0.698375 0.015580 0.025556
0 0.311443 0.737265 0.017958 0.020794
0 0.256142 0.677740 0.016769 0.022381
0 0.203219 0.707899 0.020335 0.022381
0 0.184786 0.661074 0.014390 0.017619
0 0.118780 0.642027 0.017958 0.017619
0 0.037315 0.624565 0.021525 0.023969
0 0.036721 0.703931 0.025093 0.027144
0 0.048614 0.957106 0.017958 0.028731
0 0.048614 0.434090 0.022716 0.030319
0 0.075372 0.403137 0.026282 0.031906
0 0.032558 0.363454 0.023903 0.031903
0 0.016503 0.414249 0.020335 0.028731
0 0.028991 0.154724 0.019148 0.030319
0 0.080723 0.128534 0.022716 0.031906
0 0.069426 0.157899 0.023905 0.033493
0 0.207382 0.084090 0.019146 0.031906
0 0.163379 0.088059 0.019148 0.020794
0 0.221059 0.072978 0.020337 0.022381
0 0.254358 0.042026 0.020337 0.030316
0 0.291225 0.170598 0.022716 0.027141
0 0.305496 0.370598 0.025095 0.030316
0 0.328688 0.551551 0.028663 0.039841
0 0.757420 0.657899 0.027473 0.030319
0 0.768719 0.527740 0.021525 0.036668
0 0.702119 0.305518 0.021527 0.036668
0 0.635520 0.093613 0.021525 0.038253
0 0.515998 0.040439 0.020337 0.030316
0 0.378042 0.044407 0.020337 0.028729
