0 0.322741 0.858693 0.028661 0.022381
0 0.295982 0.595995 0.034608 0.023966
0 0.310848 0.330915 0.035797 0.030319
0 0.045640 0.171390 0.016769 0.019206
0 0.096184 0.140440 0.020337 0.023969
0 0.564759 0.837265 0.025093 0.030319
0 0.620060 0.672185 0.021525 0.030316
0 0.749690 0.970598 0.023903 0.030316
0 0.731851 0.797582 0.026282 0.046191
0 0.737203 0.601551 0.025095 0.038253
0 0.761583 0.472979 0.021527 0.035078
0 0.813911 0.312661 0.021527 0.035078
0 0.964354 0.222185 0.034606 0.044603
0 0.780017 0.099963 0.025095 0.031903
