0 0.859698 0.953931 0.022714 0.035081
0 0.953651 0.938851 0.025093 0.033491
0 0.885863 0.838851 0.029850 0.039841
0 0.817478 0.734884 0.028661 0.035081
0 0.706877 0.623773 0.023905 0.031903
0 0.973274 0.584090 0.019146 0.031906
0 0.971490 0.419010 0.034608 0.031903
0 0.806181 0.257899 0.027472 0.036668
0 0.658116 0.086471 0.019148 0.030319
0 0.345338 0.490439 0.033419 0.031903
0 0.227599 0.457899 0.026282 0.036668
0 0.099752 0.426153 0.025095 0.030319
0 0.306686 0.817423 0.029852 0.044603
0 0.215112 0.790439 0.036985 0.047778
0 0.099158 0.801550 0.028661 0.031906
0 0.078346 0.876154 0.025093 0.035078
0 0.062884 0.557899 0.027473 0.043018
