0 0.152674 0.920598 0.012011 0.025554
0 0.332849 0.734090 0.025093 0.036668
0 0.183596 0.898375 0.021525 0.022381
0 0.116402 0.916630 0.017958 0.023969
0 0.088455 0.906312 0.019148 0.022381
0 0.076561 0.944407 0.016769 0.025554
0 0.086076 0.854724 0.012011 0.017619
0 0.097968 0.857106 0.014390 0.019206
0 0.115212 0.858693 0.015580 0.016031
0 0.130673 0.861074 0.013203 0.017619
0 0.156837 0.865043 0.013201 0.019206
0 0.184786 0.838059 0.012011 0.025556
0 0.167542 0.721392 0.015580 0.030316
0 0.207381 0.736471 0.016769 0.025556
0 0.243060 0.558693 0.016767 0.031906
0 0.053370 0.202343 0.020335 0.027144
0 0.110456 0.070597 0.015580 0.020794
0 0.960191 0.072979 0.019148 0.031903
