0 0.560001 0.956312 0.020335 0.030319
0 0.648602 0.889646 0.021527 0.023969
0 0.583191 0.886471 0.019148 0.027144
0 0.560001 0.788059 0.020335 0.027144
0 0.538000 0.695201 0.019148 0.022379
0 0.514809 0.601550 0.017958 0.025556
0 0.491617 0.512662 0.019148 0.025556
0 0.470211 0.428534 0.021525 0.031906
0 0.300740 0.423773 0.025093 0.031903
0 0.467832 0.230121 0.021525 0.025556
0 0.555839 0.291232 0.021527 0.033491
0 0.665847 0.346788 0.025095 0.030316
0 0.785963 0.393613 0.027472 0.035078
0 0.824615 0.619010 0.023903 0.035078
0 0.363771 0.149962 0.022716 0.030319
0 0.197273 0.053137 0.027473 0.027144
0 0.451183 0.661868 0.009634 0.016031
0 0.454750 0.674565 0.009633 0.016031
0 0.457723 0.686471 0.008443 0.017619
