0 0.612924 0.955518 0.014390 0.022381
0 0.672387 0.962662 0.021525 0.023969
0 0.373286 0.948375 0.015580 0.023969
0 0.358419 0.894407 0.016769 0.023966
0 0.382205 0.895995 0.016769 0.027141
0 0.313822 0.931709 0.020337 0.025556
0 0.597464 0.949170 0.016769 0.031903
0 0.258520 0.872979 0.023903 0.031903
0 0.206787 0.896788 0.027472 0.028729
0 0.189543 0.854724 0.021525 0.030319
0 0.124133 0.836471 0.023905 0.025556
0 0.043261 0.816629 0.019148 0.030316
0 0.045045 0.886471 0.022716 0.033493
0 0.032559 0.649963 0.021527 0.036666
0 0.435722 0.988831 0.016769 0.022338
0 0.492807 0.926946 0.021527 0.028731
0 0.454155 0.991290 0.017958 0.017419
0 0.050398 0.622978 0.019148 0.023969
0 0.074777 0.595995 0.025093 0.030316
0 0.031369 0.553137 0.019148 0.020794
0 0.016503 0.600756 0.020335 0.027144
0 0.019476 0.345995 0.019146 0.031903
0 0.062884 0.344407 0.020337 0.025554
0 0.074183 0.315837 0.019146 0.022381
0 0.155053 0.275359 0.026284 0.030319
0 0.200246 0.265837 0.021527 0.023969
0 0.217491 0.258693 0.017958 0.025556
0 0.250790 0.229328 0.017958 0.030319
0 0.290036 0.366629 0.022716 0.035078
0 0.305496 0.572979 0.022716 0.035078
0 0.331661 0.757106 0.022716 0.031906
0 0.750285 0.857899 0.017956 0.027144
0 0.765745 0.728535 0.022714 0.038253
0 0.703309 0.508693 0.021527 0.033493
0 0.639683 0.289645 0.022714 0.030316
0 0.516593 0.231709 0.023905 0.038256
0 0.376853 0.236471 0.025093 0.035081
0 0.824020 0.306312 0.022714 0.028731
0 0.769908 0.147582 0.021525 0.028729
0 0.946515 0.376946 0.013201 0.033493
