0 0.889430 0.045201 0.025095 0.030316
0 0.690822 0.148375 0.015580 0.020794
0 0.043261 0.919010 0.023905 0.028729
0 0.010957 0.835676 0.021915 0.046191
0 0.244844 0.731709 0.025093 0.031906
0 0.181217 0.516629 0.026282 0.036666
0 0.079534 0.502343 0.025095 0.030319
0 0.404800 0.926948 0.031040 0.047778
0 0.373880 0.634090 0.026282 0.036668
0 0.366744 0.373773 0.021527 0.030316
0 0.351878 0.098376 0.029850 0.035078
0 0.560596 0.632503 0.023903 0.036668
0 0.755636 0.203931 0.014390 0.020794
0 0.720553 0.230121 0.017958 0.025556
0 0.675360 0.229328 0.013201 0.023969
0 0.646818 0.226946 0.015580 0.022381
0 0.627790 0.272184 0.015580 0.020794
0 0.648602 0.078534 0.016769 0.030319
0 0.737797 0.151550 0.016769 0.017619
0 0.709850 0.149962 0.017958 0.020794
0 0.714606 0.046787 0.017958 0.023969
0 0.778233 0.035677 0.023905 0.033493
