0 0.335823 0.897581 0.021525 0.020794
0 0.324525 0.597581 0.020337 0.017619
0 0.315605 0.320597 0.033419 0.022381
0 0.293009 0.061074 0.023905 0.020794
0 0.111645 0.400756 0.017956 0.023969
0 0.103915 0.142820 0.019148 0.025554
0 0.172297 0.834090 0.020337 0.027144
0 0.086670 0.771392 0.013201 0.028729
0 0.508267 0.776153 0.019148 0.031906
0 0.550487 0.982503 0.022716 0.031906
0 0.849589 0.926153 0.019148 0.027144
0 0.832345 0.852343 0.020337 0.031906
0 0.813316 0.771392 0.020337 0.028729
0 0.790720 0.685677 0.020337 0.028731
0 0.768124 0.595201 0.017956 0.031903
0 0.743150 0.492026 0.020337 0.031903
0 0.678928 0.495995 0.020337 0.027141
0 0.766340 0.421392 0.021525 0.033491
0 0.801424 0.352343 0.017958 0.028731
0 0.848994 0.251550 0.017958 0.023969
0 0.767529 0.255518 0.021525 0.035081
0 0.755042 0.060281 0.022716 0.031906
0 0.972679 0.061073 0.029850 0.036666
0 0.985761 0.904726 0.027473 0.041428
0 0.596868 0.167423 0.029850 0.036666
