0 0.991365 0.784884 0.017271 0.023969
0 0.232951 0.889646 0.017958 0.020794
0 0.218085 0.765043 0.019148 0.025556
0 0.149107 0.729328 0.016767 0.023969
0 0.306091 0.621392 0.023905 0.030316
0 0.190137 0.345995 0.022714 0.031903
0 0.202030 0.195201 0.020337 0.025554
0 0.112834 0.176153 0.020335 0.025556
0 0.037315 0.061867 0.026282 0.035078
0 0.247222 0.027740 0.017958 0.027144
0 0.176460 0.011132 0.021527 0.022265
0 0.012936 0.473773 0.022716 0.030316
0 0.309064 0.402345 0.025095 0.036666
0 0.533837 0.235677 0.015580 0.033493
0 0.883484 0.430121 0.039366 0.022381
0 0.813317 0.207116 0.039362 0.033493
0 0.731851 0.026153 0.031040 0.027144
0 0.894187 0.711868 0.032229 0.027144
0 0.850778 0.984884 0.028663 0.027144
0 0.973274 0.882503 0.016767 0.022381
0 0.981598 0.852343 0.019148 0.025556
0 0.986951 0.817424 0.015580 0.019206
