0 0.844831 0.068217 0.016769 0.028729
0 0.818669 0.049168 0.014390 0.022381
0 0.761583 0.042820 0.021527 0.035078
0 0.705687 0.021392 0.026284 0.033491
0 0.636115 0.013514 0.020335 0.027027
0 0.313822 0.497582 0.022716 0.033491
0 0.224031 0.368217 0.028661 0.038253
0 0.568326 0.827740 0.022716 0.033493
0 0.510646 0.673773 0.023905 0.030316
0 0.967921 0.969010 0.027472 0.030316
0 0.938785 0.709487 0.031040 0.038256
0 0.812722 0.723773 0.028663 0.038253
0 0.696173 0.675360 0.028661 0.033491
0 0.631358 0.461868 0.022716 0.031906
0 0.559406 0.245995 0.023903 0.035078
0 0.568326 0.114248 0.025095 0.031903
0 0.972084 0.213456 0.021525 0.030319
0 0.229384 0.880121 0.029850 0.036668
0 0.100348 0.673773 0.031040 0.036666
0 0.100941 0.250756 0.022716 0.028731
0 0.061100 0.235677 0.021527 0.023969
0 0.026017 0.222978 0.022716 0.023969
0 0.136619 0.158693 0.025095 0.028731
0 0.071804 0.134884 0.021525 0.025556
0 0.017692 0.119804 0.020335 0.030316
0 0.942352 0.083296 0.021527 0.030319
0 0.973274 0.049963 0.021525 0.036666
0 0.923324 0.033296 0.019148 0.031906
