0 0.336418 0.503931 0.015578 0.030319
0 0.353662 0.400757 0.019146 0.033491
0 0.372096 0.215042 0.020335 0.033491
0 0.508860 0.399170 0.025098 0.039841
0 0.665847 0.477740 0.017958 0.031906
0 0.623032 0.420598 0.017958 0.028729
0 0.600437 0.386471 0.017956 0.020794
0 0.731850 0.477740 0.014390 0.025556
0 0.755636 0.491232 0.016769 0.027141
0 0.809748 0.388852 0.015580 0.019206
0 0.835913 0.353137 0.013201 0.020794
0 0.926297 0.365835 0.020337 0.027141
0 0.905485 0.334884 0.014390 0.019206
0 0.886456 0.307899 0.016769 0.012856
0 0.876943 0.292820 0.012011 0.027141
0 0.901917 0.133296 0.019148 0.022381
0 0.881699 0.107899 0.014390 0.022381
0 0.860293 0.076946 0.012013 0.017619
0 0.852563 0.061868 0.013201 0.022381
0 0.829966 0.090440 0.015580 0.025556
0 0.907864 0.178534 0.019148 0.023969
0 0.793693 0.308693 0.019148 0.027144
0 0.801424 0.292820 0.015580 0.023966
0 0.650386 0.210281 0.015580 0.020794
0 0.604004 0.150756 0.017958 0.025556
0 0.558811 0.008759 0.020333 0.017518
0 0.096185 0.017423 0.022714 0.025554
0 0.046830 0.201551 0.021527 0.041428
0 0.698551 0.354724 0.016769 0.027144
0 0.205598 0.685677 0.015578 0.025556
0 0.117591 0.676946 0.017958 0.027144
