0 0.696172 0.728534 0.019148 0.031906
0 0.706877 0.659487 0.021527 0.033493
0 0.745528 0.839646 0.020337 0.028731
0 0.793693 0.756312 0.023905 0.036668
0 0.856725 0.713456 0.021527 0.030319
0 0.877537 0.793613 0.025093 0.038253
0 0.907864 0.920598 0.021527 0.035078
0 0.960786 0.893613 0.020337 0.035078
0 0.991365 0.907106 0.017271 0.027144
0 0.989580 0.861074 0.020839 0.036668
0 0.991959 0.810281 0.016081 0.036668
0 0.939380 0.798375 0.022714 0.028731
0 0.716391 0.572185 0.028661 0.039841
0 0.724715 0.461867 0.028661 0.041428
0 0.770503 0.380121 0.025093 0.030319
0 0.868023 0.348376 0.022716 0.036666
0 0.960786 0.353931 0.017958 0.019206
0 0.972679 0.329328 0.017956 0.023969
0 0.982193 0.297582 0.022716 0.030316
0 0.471401 0.410279 0.038176 0.043016
0 0.495780 0.334884 0.022716 0.025556
0 0.452372 0.358693 0.028661 0.035081
0 0.545729 0.299168 0.020337 0.027144
0 0.555839 0.239645 0.021527 0.031903
0 0.438695 0.170598 0.020337 0.039841
0 0.433938 0.465835 0.022714 0.033491
0 0.302523 0.406312 0.019148 0.022381
0 0.067641 0.165043 0.036987 0.019206
0 0.682496 0.787265 0.022716 0.031906
0 0.058723 0.503931 0.023903 0.023969
0 0.130079 0.613456 0.042934 0.020794
0 0.284089 0.769804 0.020337 0.022379
0 0.444047 0.554724 0.023905 0.036668
0 0.533242 0.681709 0.021527 0.036668
0 0.533242 0.880121 0.021527 0.030319
