0 0.111050 0.317423 0.016767 0.016034
0 0.072400 0.318217 0.013201 0.017621
0 0.048019 0.317423 0.016769 0.016034
0 0.031369 0.357899 0.012011 0.020794
0 0.052182 0.247582 0.008443 0.012859
0 0.061695 0.247581 0.015580 0.019206
0 0.078939 0.244407 0.012011 0.016034
0 0.093806 0.244407 0.013203 0.019209
0 0.115807 0.245201 0.014390 0.023966
0 0.147919 0.213456 0.016769 0.020794
0 0.119375 0.139646 0.014390 0.016031
0 0.298955 0.122978 0.016767 0.023969
0 0.175271 0.123771 0.016769 0.025556
0 0.656927 0.684884 0.021525 0.027144
0 0.685470 0.786471 0.019148 0.030319
0 0.385773 0.534090 0.023905 0.023969
0 0.543946 0.773773 0.021525 0.033491
0 0.145540 0.292027 0.014390 0.019206
0 0.049803 0.737265 0.022716 0.027144
0 0.259116 0.515835 0.015580 0.028729
