0 0.188947 0.215043 0.017958 0.023969
0 0.164568 0.209487 0.019148 0.022381
0 0.124727 0.331709 0.022716 0.028731
0 0.130673 0.173773 0.025093 0.030316
0 0.149107 0.046788 0.021525 0.030316
0 0.286468 0.485677 0.022716 0.022381
0 0.878133 0.751550 0.016769 0.023969
0 0.868617 0.821392 0.016769 0.027141
0 0.099752 0.916629 0.020337 0.030316
0 0.038505 0.889646 0.019146 0.023969
0 0.162189 0.953931 0.023905 0.028731
0 0.064074 0.972978 0.017958 0.025556
0 0.027801 0.953931 0.019148 0.022381
0 0.590922 0.913454 0.020337 0.036666
0 0.976842 0.953137 0.026282 0.030319
0 0.961975 0.838057 0.017958 0.038253
0 0.934622 0.827740 0.020335 0.027144
0 0.950678 0.788059 0.019148 0.027144
0 0.897161 0.758693 0.016769 0.022381
0 0.840670 0.826946 0.020335 0.028731
0 0.728878 0.813456 0.017956 0.020794
0 0.731256 0.794407 0.015580 0.027141
0 0.658711 0.789645 0.025093 0.033491
0 0.545729 0.767423 0.020337 0.033491
0 0.354256 0.758698 0.027481 0.031896
0 0.229384 0.726948 0.027472 0.038253
0 0.123538 0.710281 0.022716 0.036668
0 0.017692 0.736471 0.027472 0.035081
0 0.254953 0.646788 0.026284 0.036666
0 0.337012 0.542026 0.023903 0.030316
0 0.465454 0.545995 0.026282 0.041428
0 0.539188 0.520598 0.023903 0.038253
0 0.685470 0.480915 0.023905 0.031906
0 0.896565 0.356312 0.025093 0.027144
0 0.955435 0.380121 0.021525 0.033493
0 0.830562 0.286471 0.028661 0.027144
0 0.826993 0.188852 0.023903 0.025556
0 0.844238 0.096788 0.025093 0.041428
0 0.638492 0.072185 0.017958 0.033491
0 0.492212 0.134090 0.017958 0.030319
0 0.404206 0.014307 0.020337 0.028615
0 0.385178 0.243613 0.020337 0.030316
0 0.207976 0.374566 0.025093 0.031903
0 0.713418 0.288059 0.020335 0.030319
0 0.580813 0.326946 0.019146 0.028731
0 0.456534 0.394407 0.020337 0.027141
0 0.119971 0.570598 0.025093 0.027141
0 0.210354 0.250756 0.022716 0.025556
0 0.254953 0.182503 0.014390 0.022381
0 0.213328 0.215837 0.014390 0.019206
