0 0.308470 0.054724 0.019148 0.027144
0 0.106293 0.971390 0.028661 0.022381
0 0.116402 0.869010 0.027472 0.039841
0 0.157432 0.888057 0.021527 0.036666
0 0.200840 0.907899 0.029850 0.038256
0 0.243060 0.923773 0.023903 0.035078
0 0.281711 0.937264 0.025093 0.036666
0 0.458318 0.753137 0.019148 0.030319
0 0.623627 0.826948 0.023905 0.035078
0 0.692605 0.704724 0.021525 0.054125
0 0.847210 0.699170 0.023905 0.036666
0 0.363771 0.204724 0.015580 0.025556
0 0.442858 0.120598 0.019148 0.028729
0 0.429776 0.019804 0.021525 0.023966
0 0.043856 0.938059 0.025095 0.031906
0 0.116402 0.151550 0.022716 0.023969
0 0.024233 0.130121 0.021527 0.019206
0 0.668820 0.172185 0.016769 0.027141
0 0.770503 0.270598 0.025093 0.027141
0 0.819858 0.266629 0.019148 0.031903
0 0.878133 0.273773 0.014390 0.033491
0 0.872186 0.382503 0.014390 0.022381
0 0.804991 0.064249 0.010824 0.014444
0 0.804991 0.088851 0.017956 0.031903
0 0.789530 0.050756 0.020337 0.019206
0 0.776449 0.034884 0.017958 0.019206
0 0.763367 0.015837 0.013201 0.019206
0 0.150891 0.417424 0.041744 0.066825
0 0.181812 0.362661 0.034608 0.049366
0 0.194299 0.302343 0.026284 0.071587
0 0.217490 0.212662 0.032229 0.082700
0 0.277549 0.697582 0.014390 0.027141
0 0.896566 0.445201 0.017958 0.027141
0 0.109862 0.615042 0.016769 0.033491
0 0.078939 0.854724 0.023905 0.030319
