0 0.968516 0.936471 0.026282 0.035081
0 0.470805 0.880121 0.020337 0.036668
0 0.346527 0.858693 0.026284 0.038256
0 0.164568 0.771392 0.019148 0.028729
0 0.176460 0.638852 0.016769 0.027144
0 0.529080 0.773773 0.020337 0.036666
0 0.714012 0.643613 0.023903 0.033491
0 0.808559 0.692026 0.020337 0.028729
0 0.796072 0.492026 0.021527 0.028729
0 0.983383 0.707899 0.032231 0.031906
0 0.975058 0.418218 0.029850 0.020794
0 0.941164 0.160281 0.033419 0.028731
0 0.736013 0.245995 0.025095 0.031903
0 0.082508 0.317423 0.023905 0.031903
0 0.100941 0.199168 0.022716 0.027144
0 0.100347 0.066629 0.021527 0.025554
