0 0.290631 0.912661 0.021527 0.041428
0 0.478536 0.871392 0.016769 0.041428
0 0.106294 0.834090 0.023905 0.023969
0 0.046235 0.730121 0.025095 0.028731
0 0.256737 0.765043 0.020337 0.028731
0 0.497564 0.771392 0.019148 0.028729
0 0.498159 0.671392 0.015580 0.035078
0 0.258521 0.666630 0.019148 0.022381
0 0.043261 0.467423 0.014390 0.027141
0 0.053965 0.457899 0.019146 0.020794
0 0.030180 0.376946 0.019148 0.027144
0 0.043856 0.125359 0.022716 0.031906
0 0.056344 0.038852 0.019146 0.023969
0 0.128888 0.048377 0.021527 0.027139
0 0.191920 0.063456 0.019148 0.025556
0 0.262088 0.073773 0.021525 0.030316
0 0.203219 0.115835 0.020335 0.035078
0 0.313227 0.132503 0.021527 0.023969
0 0.359013 0.088852 0.017958 0.022381
0 0.383989 0.108693 0.022716 0.033493
0 0.373880 0.145201 0.019146 0.030316
0 0.455345 0.122184 0.022716 0.025556
0 0.494591 0.119804 0.020337 0.027141
0 0.546919 0.144407 0.022716 0.028729
0 0.599842 0.163456 0.019146 0.028731
0 0.614114 0.151550 0.019148 0.023969
0 0.674766 0.177740 0.023903 0.028731
0 0.788936 0.213454 0.019148 0.033491
0 0.747906 0.060279 0.020335 0.041428
0 0.968517 0.245201 0.019148 0.033491
0 0.983383 0.452343 0.020337 0.031906
0 0.795477 0.461868 0.020337 0.028731
0 0.863265 0.441234 0.017958 0.025556
