0 0.197273 0.856312 0.025095 0.033493
0 0.077155 0.811868 0.020337 0.033493
0 0.753853 0.462661 0.032229 0.039841
0 0.721742 0.196788 0.022716 0.035078
0 0.385178 0.162662 0.025095 0.030319
0 0.329877 0.142820 0.021527 0.028729
0 0.339986 0.066630 0.025093 0.022381
0 0.271008 0.072185 0.022716 0.030316
0 0.222842 0.110281 0.023903 0.027144
0 0.156242 0.142820 0.023905 0.025554
0 0.100941 0.268217 0.022716 0.022379
0 0.216896 0.019804 0.019148 0.027141
0 0.060507 0.618217 0.034608 0.033491
0 0.814565 0.889726 0.020218 0.026984
0 0.809213 0.708773 0.023786 0.036509
0 0.092022 0.526946 0.023903 0.031906
0 0.724776 0.849248 0.021407 0.034922
0 0.985167 0.626946 0.028663 0.025556
0 0.961976 0.365837 0.029850 0.020794
0 0.919757 0.121392 0.026282 0.036666
0 0.433938 0.980121 0.022714 0.033493
0 0.542816 0.978613 0.026163 0.036509
