0 0.552271 0.797582 0.016769 0.036666
0 0.299550 0.415835 0.025093 0.028729
0 0.477347 0.286470 0.019148 0.043016
0 0.706877 0.175360 0.014390 0.046191
0 0.931650 0.134089 0.023905 0.043016
0 0.187759 0.967424 0.022714 0.023969
0 0.378043 0.954724 0.025093 0.033493
0 0.097969 0.804724 0.028661 0.031906
0 0.280522 0.655518 0.029850 0.028731
0 0.064669 0.590440 0.031042 0.022381
0 0.194895 0.530121 0.034608 0.028731
0 0.752663 0.026153 0.017958 0.030319
0 0.582003 0.099170 0.019146 0.033491
0 0.409559 0.188852 0.019148 0.028731
0 0.238898 0.280915 0.022716 0.025556
0 0.120564 0.345201 0.019148 0.023966
0 0.171703 0.215042 0.014390 0.033491
0 0.171108 0.172184 0.020337 0.023969
0 0.243654 0.150756 0.020335 0.028731
0 0.367339 0.144407 0.020337 0.025554
0 0.449399 0.042820 0.022714 0.031903
0 0.537404 0.957899 0.027472 0.027144
0 0.568326 0.653931 0.017958 0.031906
0 0.579029 0.507899 0.020335 0.031906
0 0.582597 0.341232 0.017958 0.031903
0 0.800830 0.679329 0.019148 0.041428
