0 0.326309 0.478534 0.021527 0.027144
0 0.175866 0.823773 0.044121 0.057303
0 0.207382 0.769804 0.033419 0.044603
0 0.217490 0.715837 0.036987 0.066825
0 0.233545 0.631709 0.035795 0.076350
0 0.131268 0.572184 0.021525 0.020794
0 0.027206 0.537265 0.022716 0.023969
0 0.337606 0.395201 0.015580 0.031903
0 0.275170 0.372184 0.019148 0.020794
0 0.450587 0.438852 0.015580 0.027144
0 0.404801 0.480915 0.026284 0.031906
0 0.385773 0.643615 0.016769 0.020794
0 0.464265 0.547582 0.019148 0.031903
0 0.527890 0.411868 0.020337 0.023969
0 0.541567 0.345995 0.023903 0.041428
0 0.581407 0.280121 0.015580 0.023969
0 0.695578 0.597581 0.015580 0.023969
0 0.914405 0.848375 0.017958 0.027144
0 0.891809 0.781709 0.013201 0.020794
0 0.843642 0.674565 0.016769 0.028731
0 0.796667 0.706312 0.027473 0.031906
0 0.834723 0.480121 0.020337 0.023969
0 0.837102 0.453931 0.022716 0.025556
0 0.816884 0.442027 0.017958 0.020794
0 0.806180 0.421390 0.015580 0.020794
0 0.791909 0.405518 0.017958 0.020794
0 0.735419 0.218217 0.021527 0.027141
0 0.584975 0.022184 0.020337 0.025556
