0 0.904890 0.323773 0.020337 0.031903
0 0.673577 0.783296 0.033419 0.033493
0 0.525512 0.566629 0.025093 0.031903
0 0.374474 0.354726 0.025093 0.043016
0 0.232951 0.149963 0.027473 0.039841
0 0.759799 0.420598 0.020337 0.025554
0 0.712228 0.278534 0.017956 0.020794
0 0.786558 0.191232 0.019146 0.027141
0 0.941758 0.195201 0.020337 0.031903
0 0.931055 0.290439 0.022716 0.028729
0 0.880510 0.360281 0.019146 0.019206
0 0.862077 0.451550 0.020335 0.030319
0 0.788937 0.676153 0.021525 0.025556
0 0.930460 0.776946 0.021527 0.030319
0 0.772881 0.568218 0.013201 0.022381
0 0.756231 0.541234 0.013201 0.022381
0 0.750881 0.523771 0.019148 0.025556
0 0.774070 0.489645 0.020337 0.039841
0 0.799640 0.456312 0.016769 0.030319
