0 0.567731 0.165835 0.016769 0.033491
0 0.536811 0.128534 0.019148 0.031906
0 0.768719 0.792027 0.012013 0.019206
0 0.841859 0.652343 0.013203 0.019206
0 0.954245 0.642820 0.019146 0.031903
0 0.806776 0.360281 0.021525 0.028731
0 0.639087 0.112662 0.019148 0.028731
0 0.604598 0.136471 0.019148 0.025556
0 0.016504 0.669804 0.017958 0.025554
0 0.022450 0.542026 0.025093 0.046191
0 0.010957 0.357106 0.021915 0.031906
0 0.119970 0.458692 0.027473 0.041428
0 0.149107 0.288057 0.026282 0.033491
0 0.193110 0.097581 0.023905 0.023969
0 0.348310 0.221392 0.029850 0.036666
0 0.399450 0.476154 0.029850 0.035078
0 0.411937 0.746788 0.023903 0.030316
0 0.702119 0.859486 0.019148 0.043016
0 0.733634 0.857899 0.017958 0.027144
0 0.776449 0.856312 0.015580 0.023969
0 0.812127 0.827740 0.017958 0.033493
0 0.797856 0.793613 0.015580 0.022379
0 0.753852 0.791234 0.010822 0.017619
0 0.778828 0.669010 0.015580 0.017621
0 0.800830 0.644407 0.016769 0.028729
