0 0.491023 0.192027 0.017958 0.016031
0 0.700930 0.892820 0.016769 0.023966
0 0.589138 0.157899 0.012011 0.017619
0 0.577246 0.156312 0.012011 0.023969
0 0.560596 0.127740 0.012013 0.023969
0 0.504105 0.087265 0.010824 0.016031
0 0.479131 0.116629 0.015580 0.030316
0 0.452371 0.145200 0.016769 0.020794
0 0.263277 0.048375 0.012011 0.020794
0 0.203220 0.016629 0.017958 0.030316
0 0.810343 0.841234 0.014390 0.025556
0 0.649792 0.666630 0.014390 0.025556
0 0.718174 0.517424 0.017958 0.022381
0 0.878132 0.562662 0.019146 0.030319
0 0.942352 0.668217 0.026284 0.028729
0 0.825804 0.456312 0.023903 0.020794
0 0.914405 0.160281 0.020337 0.028731
0 0.166351 0.021390 0.022714 0.023969
0 0.538000 0.026946 0.016769 0.025556
0 0.969706 0.523771 0.019148 0.025556
0 0.353663 0.374565 0.016769 0.022381
0 0.986356 0.769010 0.019148 0.023966
0 0.747312 0.964249 0.016769 0.023969
0 0.931650 0.066629 0.019148 0.025554
0 0.576057 0.476153 0.019148 0.025556
0 0.561190 0.451550 0.010824 0.027144
0 0.398259 0.452343 0.015580 0.019206
0 0.393503 0.436471 0.017956 0.022381
0 0.373286 0.405518 0.015580 0.023969
0 0.350689 0.326946 0.013201 0.022381
0 0.304902 0.545995 0.016769 0.025554
0 0.047424 0.347582 0.029852 0.031903
0 0.096779 0.192825 0.023903 0.030326
0 0.447021 0.332503 0.013201 0.020794
0 0.415504 0.278534 0.016769 0.027144
0 0.395286 0.206312 0.016769 0.022381
