0 0.555839 0.586470 0.019148 0.043016
0 0.813911 0.621392 0.019148 0.043016
0 0.944731 0.845200 0.028663 0.020794
0 0.804991 0.379328 0.034608 0.025556
0 0.749096 0.480121 0.022714 0.033493
0 0.510051 0.449168 0.020337 0.028731
0 0.315010 0.438852 0.022714 0.027144
0 0.149702 0.474565 0.025093 0.022381
0 0.027801 0.411074 0.026284 0.031906
0 0.134835 0.376946 0.019148 0.027144
0 0.256737 0.329328 0.020337 0.023969
0 0.379826 0.341232 0.023905 0.028729
0 0.511835 0.359487 0.016769 0.023969
0 0.670009 0.220598 0.035797 0.038253
0 0.577840 0.345995 0.020335 0.031903
0 0.506484 0.326153 0.020335 0.027144
0 0.438695 0.311868 0.015580 0.027144
0 0.372690 0.299962 0.019146 0.025556
0 0.303117 0.275359 0.020337 0.023969
0 0.242465 0.256312 0.017956 0.023969
0 0.181218 0.234884 0.019148 0.022381
0 0.125322 0.215837 0.016769 0.022381
0 0.065858 0.200756 0.021527 0.020794
0 0.011152 0.180915 0.019148 0.022381
0 0.054560 0.107106 0.017956 0.036668
0 0.093211 0.115835 0.019146 0.035078
0 0.129484 0.126946 0.020335 0.031906
0 0.168135 0.137265 0.016767 0.027144
0 0.206192 0.148375 0.021525 0.027144
0 0.249006 0.158693 0.021527 0.035081
0 0.746717 0.143613 0.020335 0.027141
0 0.563568 0.030915 0.015580 0.023969
0 0.539784 0.019010 0.013201 0.025554
0 0.514214 0.011074 0.016769 0.019206
0 0.660494 0.938059 0.021527 0.028731
0 0.310254 0.598376 0.022716 0.031903
0 0.084885 0.643619 0.031040 0.036676
