0 0.975652 0.799963 0.026282 0.038253
0 0.244249 0.834884 0.021525 0.035081
0 0.295388 0.670598 0.019148 0.027141
0 0.030180 0.844407 0.026284 0.038253
0 0.549892 0.402345 0.028663 0.039841
0 0.753852 0.368217 0.020337 0.038253
0 0.875159 0.599963 0.022716 0.035078
0 0.854941 0.888059 0.017958 0.023969
0 0.760989 0.928534 0.017958 0.028731
0 0.775854 0.840440 0.016769 0.023969
0 0.699741 0.965837 0.014390 0.020794
0 0.691417 0.942026 0.014390 0.027141
0 0.676549 0.984884 0.015580 0.023969
0 0.794288 0.723771 0.013201 0.019206
0 0.694389 0.545995 0.020335 0.031903
0 0.637304 0.602343 0.022714 0.030319
0 0.491617 0.745201 0.019148 0.027141
0 0.416098 0.818217 0.020337 0.027141
0 0.617086 0.162662 0.022714 0.030319
