0 0.319173 0.385677 0.026282 0.035081
0 0.352473 0.334884 0.019148 0.022381
0 0.529080 0.488059 0.032229 0.027144
0 0.518971 0.263454 0.028661 0.031903
0 0.579029 0.342820 0.022714 0.035078
0 0.607572 0.948376 0.027473 0.036666
0 0.445236 0.762662 0.023903 0.030319
0 0.232951 0.687265 0.027473 0.073175
0 0.048018 0.748375 0.031040 0.071587
0 0.213328 0.510279 0.021527 0.046191
0 0.065858 0.495993 0.019148 0.017619
0 0.391719 0.368218 0.019146 0.019206
0 0.373286 0.351550 0.015580 0.023969
0 0.755636 0.411073 0.026284 0.038253
0 0.932244 0.530915 0.017958 0.027144
0 0.849589 0.583296 0.021527 0.027144
0 0.925703 0.455518 0.019148 0.025556
0 0.064669 0.466629 0.023905 0.028729
