0 0.347121 0.922185 0.022716 0.025554
0 0.020666 0.088059 0.023903 0.030319
0 0.132457 0.219804 0.035797 0.039841
0 0.463076 0.576946 0.023905 0.033493
0 0.048613 0.274565 0.029850 0.028731
0 0.078346 0.590440 0.041744 0.025556
0 0.089643 0.906312 0.023903 0.019206
0 0.474968 0.757106 0.026284 0.035081
0 0.328093 0.805518 0.022716 0.027144
0 0.425614 0.865043 0.022716 0.025556
0 0.458913 0.869012 0.020337 0.020794
0 0.918566 0.815835 0.016769 0.028729
0 0.882294 0.755518 0.017958 0.025556
0 0.989330 0.713456 0.017958 0.020794
0 0.975057 0.748375 0.013201 0.020794
0 0.807370 0.884884 0.025093 0.030319
0 0.746717 0.886471 0.022714 0.030319
0 0.493996 0.819804 0.028663 0.033491
0 0.514809 0.592820 0.020337 0.036666
0 0.579029 0.638852 0.027472 0.027144
0 0.467832 0.967423 0.019146 0.027141
0 0.565947 0.701550 0.020337 0.028731
0 0.519566 0.734090 0.022716 0.030319
