0 0.802613 0.865043 0.029850 0.028731
0 0.775259 0.929328 0.022716 0.052538
0 0.048018 0.323773 0.031040 0.031903
0 0.480320 0.428534 0.013201 0.038256
0 0.698552 0.466630 0.028661 0.022381
0 0.731257 0.694407 0.029850 0.027141
0 0.190731 0.953931 0.019148 0.022381
0 0.078345 0.940440 0.020337 0.023969
0 0.194299 0.811074 0.016769 0.025556
0 0.102131 0.772979 0.017958 0.028729
0 0.233545 0.632503 0.019148 0.023969
0 0.157432 0.599962 0.016769 0.025556
0 0.018287 0.633296 0.019146 0.025556
0 0.070021 0.496788 0.017958 0.025554
0 0.285873 0.480123 0.019148 0.046191
0 0.107482 0.419804 0.031040 0.027141
0 0.924514 0.548375 0.031040 0.027144
0 0.841859 0.415835 0.027472 0.028729
0 0.941164 0.314248 0.038176 0.031903
0 0.876348 0.176153 0.022714 0.028731
0 0.777044 0.104724 0.012011 0.031906
0 0.788341 0.062662 0.015580 0.023969
0 0.853752 0.052343 0.020337 0.028731
0 0.966138 0.074565 0.019148 0.028731
0 0.644439 0.086471 0.027473 0.027144
0 0.586759 0.103137 0.023905 0.031906
0 0.499348 0.342820 0.017958 0.031903
0 0.498754 0.244407 0.019148 0.031903
0 0.260304 0.337265 0.022714 0.027144
0 0.262683 0.239646 0.020335 0.025556
0 0.067047 0.211074 0.019148 0.031906
0 0.058722 0.094407 0.014390 0.036666
0 0.017692 0.095200 0.013203 0.019206
0 0.005010 0.096787 0.010021 0.019206
0 0.278144 0.145993 0.015580 0.022381
0 0.218085 0.138059 0.019148 0.022381
0 0.178244 0.132503 0.017958 0.023969
