0 0.246032 0.535677 0.015580 0.033493
0 0.133052 0.936471 0.020335 0.025556
0 0.144945 0.823773 0.020337 0.028729
0 0.128295 0.682503 0.020335 0.025556
0 0.172892 0.622979 0.023905 0.027141
0 0.180028 0.557106 0.019148 0.028731
0 0.298361 0.489645 0.027472 0.033491
0 0.369718 0.498375 0.017958 0.022381
0 0.357825 0.579328 0.022714 0.035081
0 0.413721 0.597582 0.025093 0.030316
0 0.576652 0.399963 0.020337 0.038253
0 0.692605 0.434090 0.028661 0.033493
0 0.749690 0.634089 0.026282 0.046191
0 0.979815 0.784884 0.027472 0.027144
0 0.954840 0.545201 0.029850 0.023966
0 0.903701 0.304724 0.020337 0.031906
0 0.926297 0.172979 0.027473 0.044603
0 0.950083 0.038851 0.022716 0.043016
0 0.867428 0.272184 0.021527 0.023969
0 0.469616 0.345201 0.036987 0.084285
0 0.490429 0.257106 0.028661 0.063650
0 0.507673 0.196788 0.029850 0.047778
0 0.544541 0.142026 0.044123 0.065240
0 0.301334 0.328535 0.031040 0.041428
0 0.237114 0.426154 0.026284 0.036666
0 0.030179 0.382503 0.028661 0.025556
