0 0.319768 0.901550 0.034608 0.025556
0 0.349499 0.623771 0.029850 0.025556
0 0.392313 0.361868 0.029850 0.031906
0 0.410747 0.080121 0.028661 0.039843
0 0.237114 0.122978 0.019148 0.023969
0 0.012341 0.065043 0.023905 0.025556
0 0.746122 0.780915 0.021525 0.038256
0 0.682496 0.112661 0.020337 0.035078
0 0.780612 0.928534 0.026284 0.035081
0 0.986356 0.783296 0.016769 0.030319
0 0.964949 0.662661 0.023905 0.039841
0 0.667036 0.294407 0.027473 0.033491
0 0.870402 0.043613 0.029852 0.043016
0 0.976842 0.060281 0.023903 0.035081
0 0.118780 0.938851 0.027473 0.043016
