0 0.345337 0.412662 0.023905 0.028731
0 0.249600 0.146788 0.041742 0.052540
0 0.554055 0.312661 0.025095 0.041428
0 0.745527 0.500756 0.022714 0.027144
0 0.794883 0.768218 0.016769 0.022381
0 0.672387 0.148376 0.019146 0.030316
0 0.903106 0.077740 0.019148 0.028731
0 0.334634 0.015043 0.031040 0.020794
0 0.470806 0.053137 0.025093 0.033493
0 0.529080 0.105518 0.020337 0.027144
0 0.526701 0.078534 0.015580 0.027144
0 0.521944 0.049962 0.020335 0.030319
0 0.341175 0.953931 0.025093 0.031906
0 0.341175 0.699962 0.029850 0.028731
