0 0.372690 0.797582 0.021525 0.039841
0 0.431560 0.819010 0.025093 0.038253
0 0.386367 0.719010 0.017958 0.035078
0 0.317984 0.551550 0.016767 0.023969
0 0.483293 0.553932 0.042934 0.092222
0 0.505295 0.466630 0.029850 0.070000
0 0.518971 0.403932 0.035797 0.046191
0 0.558218 0.345200 0.052447 0.068413
0 0.592111 0.622979 0.034608 0.049366
0 0.703903 0.653931 0.027473 0.038256
0 0.765151 0.849170 0.026282 0.047778
0 0.919757 0.515835 0.021525 0.038253
0 0.959003 0.757899 0.033419 0.043018
0 0.883484 0.489645 0.029850 0.039841
0 0.945326 0.376948 0.017958 0.036666
0 0.973274 0.230915 0.021525 0.036668
0 0.899539 0.132501 0.026282 0.046191
0 0.042073 0.590439 0.033419 0.035078
0 0.022449 0.089645 0.022716 0.052540
0 0.403612 0.062661 0.016769 0.043016
0 0.576651 0.122979 0.027472 0.036666
0 0.200246 0.770598 0.021527 0.033491
0 0.741366 0.285677 0.023905 0.035081
0 0.229383 0.020598 0.020337 0.028729
0 0.266250 0.749168 0.022716 0.028731
0 0.311443 0.700757 0.020337 0.036666
0 0.250195 0.643613 0.019148 0.030316
0 0.195489 0.831709 0.028663 0.031906
0 0.150296 0.886471 0.023903 0.033493
