0 0.526702 0.552343 0.020335 0.028731
0 0.036126 0.539646 0.021525 0.019206
0 0.249006 0.304724 0.021527 0.025556
0 0.139593 0.095993 0.014390 0.017619
0 0.106888 0.122978 0.015580 0.017619
0 0.071210 0.126153 0.015580 0.020794
0 0.044451 0.126946 0.012011 0.022381
0 0.028991 0.169010 0.016769 0.017621
0 0.052182 0.061074 0.015580 0.020794
0 0.064074 0.060281 0.010822 0.019206
0 0.078345 0.054724 0.010822 0.017619
0 0.094994 0.051550 0.013201 0.014444
0 0.114617 0.049168 0.016769 0.025556
0 0.369717 0.318217 0.025093 0.036666
0 0.669415 0.567423 0.017958 0.033491
0 0.650386 0.868217 0.022716 0.031903
