0 0.769908 0.980995 0.023903 0.028572
0 0.896565 0.835757 0.027472 0.036509
0 0.852563 0.565915 0.025095 0.033332
0 0.823425 0.261948 0.028661 0.028572
0 0.618276 0.255598 0.025093 0.034922
0 0.343553 0.549248 0.020337 0.028572
0 0.239492 0.289724 0.021527 0.030157
0 0.037910 0.140519 0.020335 0.026984
0 0.062290 0.121470 0.014390 0.017460
0 0.082508 0.101629 0.019148 0.028572
0 0.126511 0.043692 0.019148 0.026984
0 0.363176 0.151629 0.016769 0.023809
0 0.381610 0.124645 0.022716 0.030159
0 0.401828 0.092104 0.017958 0.025397
0 0.413125 0.065916 0.016769 0.023809
0 0.426208 0.030201 0.016769 0.028572
0 0.514214 0.072264 0.019148 0.026984
0 0.440479 0.169884 0.021527 0.034919
0 0.922134 0.465121 0.019148 0.019050
0 0.756232 0.756392 0.029850 0.033334
