0 0.936406 0.704804 0.023903 0.028572
0 0.823425 0.654804 0.023903 0.033334
0 0.709849 0.598454 0.020335 0.022222
0 0.524323 0.506392 0.017956 0.028572
0 0.419072 0.507979 0.021527 0.031747
0 0.291225 0.473057 0.022716 0.031747
0 0.163973 0.319090 0.025093 0.031744
0 0.068831 0.250835 0.022716 0.034922
0 0.116402 0.019862 0.022716 0.039724
0 0.775259 0.282582 0.022716 0.034922
0 0.587949 0.010339 0.026284 0.020677
0 0.529080 0.583376 0.010822 0.020634
0 0.535027 0.651629 0.017958 0.026984
0 0.538595 0.715123 0.013201 0.023809
