0 0.511241 0.820677 0.022716 0.034919
0 0.371501 0.926232 0.021525 0.033334
0 0.650385 0.704804 0.025093 0.034922
0 0.306091 0.971470 0.019148 0.028572
0 0.379826 0.972264 0.021527 0.026984
0 0.945920 0.825439 0.031042 0.031747
0 0.907864 0.547662 0.031042 0.038094
0 0.442263 0.869090 0.022716 0.033332
0 0.939974 0.428613 0.026282 0.031747
0 0.970896 0.431788 0.019148 0.025397
0 0.987605 0.215915 0.023786 0.044444
0 0.663468 0.078613 0.020337 0.030159
0 0.687848 0.249248 0.019148 0.025397
0 0.705093 0.421471 0.027473 0.039681
0 0.570705 0.589724 0.029852 0.046031
0 0.554650 0.515915 0.019148 0.028569
0 0.419072 0.715915 0.016769 0.041269
0 0.241870 0.851630 0.021525 0.046031
0 0.086733 0.964245 0.036856 0.043021
0 0.366150 0.715123 0.015580 0.026984
0 0.582003 0.764328 0.023903 0.033332
0 0.326309 0.724645 0.019148 0.023809
0 0.281116 0.735757 0.019146 0.023809
0 0.238898 0.751629 0.020337 0.030159
0 0.141972 0.793692 0.016769 0.025397
0 0.104509 0.816709 0.015580 0.030157
0 0.070616 0.836551 0.016769 0.025397
0 0.037909 0.855598 0.013201 0.025397
0 0.006989 0.874645 0.013201 0.022222
0 0.381610 0.550835 0.017958 0.028572
0 0.338201 0.576232 0.016769 0.028572
0 0.131268 0.602423 0.009634 0.020634
0 0.452371 0.332582 0.016769 0.023809
0 0.397665 0.377820 0.019148 0.025397
0 0.410152 0.423057 0.020335 0.026984
0 0.367339 0.125439 0.022716 0.028572
0 0.448804 0.047661 0.019146 0.031747
0 0.255547 0.096073 0.020337 0.023809
0 0.138998 0.069884 0.020337 0.041269
0 0.038504 0.051629 0.016769 0.039684
0 0.815695 0.175439 0.036985 0.033334
