0 0.643250 0.508693 0.020337 0.027144
0 0.563986 0.886074 0.023786 0.034919
0 0.545134 0.872979 0.016769 0.028729
0 0.526701 0.848376 0.017958 0.030316
0 0.903702 0.938057 0.025093 0.044603
0 0.671198 0.907106 0.026282 0.043018
0 0.289441 0.726154 0.026284 0.039841
0 0.238897 0.415835 0.034608 0.038253
0 0.165757 0.275359 0.026282 0.030319
0 0.076562 0.172185 0.031040 0.030316
0 0.100347 0.434884 0.023905 0.028731
0 0.132457 0.665042 0.026282 0.035078
0 0.287658 0.872185 0.029850 0.036666
0 0.544540 0.725359 0.015580 0.019206
0 0.556434 0.699962 0.020337 0.025556
0 0.526702 0.726153 0.020335 0.023969
0 0.518377 0.633296 0.020337 0.025556
0 0.623627 0.744407 0.021527 0.041428
0 0.653359 0.743613 0.019146 0.030316
0 0.627195 0.651550 0.012011 0.033493
0 0.672982 0.794407 0.020335 0.027141
0 0.674766 0.713456 0.019146 0.030319
0 0.654549 0.630915 0.014390 0.027144
0 0.642061 0.560281 0.022716 0.028731
0 0.639682 0.411074 0.020337 0.031906
0 0.601626 0.351550 0.022714 0.023969
0 0.546920 0.380915 0.027472 0.025556
0 0.498754 0.224566 0.019148 0.033491
0 0.434533 0.101551 0.023903 0.038253
0 0.979220 0.372185 0.021527 0.030316
0 0.915594 0.358693 0.027472 0.035081
0 0.859698 0.298376 0.027472 0.031903
0 0.926297 0.167423 0.022716 0.027141
0 0.795477 0.338852 0.025095 0.023969
0 0.785963 0.276153 0.027472 0.028731
0 0.715202 0.265042 0.026282 0.035078
0 0.623033 0.242820 0.027472 0.025554
0 0.976247 0.819804 0.025093 0.023966
0 0.885862 0.804724 0.020337 0.025556
0 0.819263 0.798375 0.020337 0.022381
0 0.778233 0.796787 0.021527 0.019206
0 0.295983 0.449962 0.020337 0.023969
0 0.583846 0.079407 0.020218 0.025397
0 0.603469 0.047661 0.023786 0.031747
0 0.630823 0.021470 0.023786 0.030159
0 0.560655 0.024645 0.023784 0.026984
0 0.285278 0.412662 0.022716 0.019206
0 0.273981 0.375359 0.016769 0.020794
0 0.262682 0.337265 0.015580 0.023969
0 0.252574 0.303137 0.016769 0.022381
0 0.249006 0.258693 0.014390 0.022381
0 0.244843 0.234884 0.015580 0.016031
0 0.222843 0.202343 0.014390 0.017619
0 0.212138 0.157106 0.014390 0.025556
0 0.200841 0.115043 0.013201 0.020794
0 0.190731 0.082503 0.014390 0.022381
0 0.174081 0.020597 0.019148 0.022381
