0 0.087476 0.055167 0.016441 0.032184
0 0.512736 0.804877 0.025210 0.036570
0 0.331343 0.649085 0.021920 0.040961
0 0.105561 0.690044 0.028496 0.040958
0 0.455194 0.520354 0.024112 0.029257
0 0.597130 0.600078 0.020824 0.036572
0 0.564249 0.245337 0.023017 0.029259
0 0.434918 0.171464 0.020824 0.033645
0 0.269418 0.524010 0.014248 0.027793
0 0.275445 0.576673 0.015345 0.036572
0 0.087475 0.265818 0.018633 0.026332
0 0.182282 0.255578 0.021920 0.023405
0 0.553289 0.058093 0.023017 0.035109
0 0.172967 0.025910 0.016441 0.026330
