0 0.881700 0.569090 0.028661 0.046031
0 0.720553 0.591312 0.020337 0.036507
0 0.342958 0.647662 0.019148 0.038094
0 0.540973 0.618296 0.022714 0.039681
0 0.493997 0.492899 0.149968 0.033332
0 0.850184 0.048454 0.022716 0.030159
0 0.856131 0.162740 0.025095 0.033332
0 0.747312 0.100042 0.026282 0.028572
0 0.738392 0.188137 0.020337 0.039681
0 0.260304 0.377820 0.029850 0.031747
0 0.136619 0.311154 0.025095 0.025397
0 0.015909 0.252423 0.019148 0.031747
0 0.298361 0.718296 0.027472 0.036507
0 0.125917 0.732582 0.015580 0.030159
0 0.230572 0.019862 0.027473 0.039724
