0 0.833534 0.656392 0.017958 0.023809
0 0.799640 0.530201 0.019148 0.031747
0 0.916783 0.660360 0.017956 0.022222
0 0.835317 0.912740 0.031040 0.041269
0 0.741366 0.795281 0.026284 0.034919
0 0.624222 0.710359 0.020337 0.042856
0 0.486266 0.679407 0.020335 0.041271
0 0.239492 0.680201 0.019148 0.039684
0 0.172892 0.723057 0.021527 0.030159
0 0.108672 0.765915 0.014390 0.033332
0 0.045045 0.805598 0.022716 0.030159
0 0.525512 0.846867 0.027472 0.026984
0 0.497564 0.888931 0.016769 0.034919
0 0.426208 0.921470 0.016769 0.026984
0 0.383989 0.934963 0.022716 0.028572
0 0.900134 0.940518 0.017956 0.017462
0 0.812127 0.577026 0.013201 0.023809
0 0.891214 0.911948 0.016769 0.023809
0 0.890619 0.867503 0.017958 0.030157
0 0.885862 0.844486 0.013201 0.025397
0 0.870996 0.809566 0.014390 0.028572
0 0.859699 0.765915 0.015580 0.033332
0 0.840670 0.688932 0.017958 0.025397
0 0.848994 0.723057 0.015580 0.023809
0 0.907269 0.657185 0.020337 0.025397
0 0.898944 0.624645 0.015578 0.026984
0 0.890619 0.590519 0.015580 0.025397
0 0.881105 0.561154 0.017956 0.030159
0 0.899539 0.535757 0.021525 0.030159
0 0.901323 0.499248 0.020335 0.030159
0 0.905485 0.465121 0.016769 0.028569
0 0.914999 0.427026 0.021525 0.031747
0 0.925108 0.394486 0.022716 0.026984
0 0.935217 0.367503 0.021525 0.026982
0 0.948894 0.336551 0.022716 0.031747
0 0.965544 0.310360 0.017958 0.030159
0 0.897160 0.292106 0.021525 0.028569
0 0.709850 0.230201 0.017958 0.028572
0 0.539783 0.490518 0.025093 0.031744
0 0.517782 0.204804 0.023905 0.041271
0 0.394691 0.027820 0.015580 0.030159
0 0.419667 0.808773 0.022716 0.036509
0 0.218086 0.861153 0.035794 0.046031
0 0.824020 0.622264 0.017956 0.028572
