0 0.433938 0.804724 0.022714 0.031906
0 0.298955 0.888852 0.021525 0.028731
0 0.212733 0.960281 0.025095 0.028731
0 0.515403 0.880916 0.028663 0.044603
0 0.368528 0.978534 0.022716 0.030319
0 0.309064 0.521392 0.025095 0.046191
0 0.213922 0.435677 0.029852 0.036668
0 0.351284 0.297582 0.021527 0.033491
0 0.304902 0.314249 0.016769 0.022381
0 0.401233 0.168217 0.028663 0.031903
0 0.643250 0.024565 0.020337 0.030319
0 0.039694 0.626946 0.031040 0.025556
0 0.013530 0.563456 0.021527 0.031906
0 0.203220 0.386471 0.017958 0.023969
0 0.130673 0.746788 0.034608 0.030316
0 0.750285 0.728534 0.022714 0.031906
0 0.672387 0.753931 0.021525 0.028731
0 0.626600 0.876153 0.020337 0.031906
0 0.876943 0.890440 0.014390 0.022381
0 0.853752 0.884884 0.015580 0.020794
0 0.873375 0.647581 0.019148 0.025556
0 0.939973 0.564249 0.019148 0.027144
0 0.662278 0.630915 0.022716 0.020794
0 0.633142 0.457106 0.016769 0.028731
0 0.607572 0.295201 0.022716 0.035078
0 0.750880 0.181709 0.019146 0.020794
0 0.931650 0.145995 0.014390 0.028729
0 0.927487 0.296787 0.015580 0.022381
0 0.880510 0.342821 0.019146 0.022381
0 0.913811 0.253931 0.019148 0.025556
0 0.897161 0.169804 0.014390 0.025554
0 0.727689 0.126946 0.017958 0.031906
0 0.896566 0.023771 0.017958 0.028731
0 0.931650 0.019010 0.014390 0.019209
0 0.964949 0.011926 0.019148 0.023852
0 0.507079 0.538057 0.028661 0.035078
