0 0.213390 0.984858 0.030909 0.030283
0 0.565412 0.861948 0.021407 0.028572
0 0.942412 0.567503 0.026165 0.036507
0 0.966198 0.454010 0.021407 0.031747
0 0.900192 0.385757 0.024975 0.031747
0 0.776509 0.398456 0.027354 0.041269
0 0.656987 0.341312 0.033299 0.041269
0 0.399509 0.222265 0.029733 0.038094
0 0.288312 0.177821 0.033301 0.047619
0 0.156897 0.144487 0.022597 0.034919
0 0.067701 0.115915 0.029731 0.031744
0 0.098622 0.036551 0.020218 0.034922
0 0.133112 0.025439 0.029731 0.028572
0 0.225874 0.914328 0.020218 0.031744
