0 0.458318 0.546073 0.023905 0.025397
0 0.474373 0.632582 0.020337 0.033334
0 0.490428 0.713535 0.016769 0.030159
0 0.505889 0.797661 0.016767 0.026984
0 0.520756 0.877820 0.017958 0.025397
0 0.577840 0.861154 0.022714 0.030159
0 0.886457 0.901629 0.028661 0.031747
0 0.857320 0.704010 0.022716 0.036509
0 0.749096 0.292106 0.017956 0.028569
0 0.704498 0.088932 0.019148 0.028572
0 0.837697 0.055598 0.023905 0.034922
0 0.702119 0.271470 0.019148 0.025397
0 0.520756 0.331788 0.017958 0.015872
0 0.273386 0.049248 0.020337 0.034922
0 0.504700 0.375439 0.019146 0.017460
0 0.471994 0.380995 0.015580 0.022222
0 0.439290 0.384963 0.014390 0.020634
0 0.406585 0.388931 0.015580 0.015875
0 0.375069 0.389724 0.009634 0.014287
0 0.342364 0.380201 0.013201 0.023809
0 0.311443 0.388138 0.013201 0.020634
0 0.277549 0.400042 0.012011 0.022222
0 0.247816 0.411154 0.014390 0.019047
0 0.188947 0.433376 0.010822 0.015872
0 0.160405 0.441312 0.020337 0.022224
0 0.102131 0.573851 0.020337 0.026984
0 0.033748 0.596867 0.014390 0.025397
0 0.064669 0.757185 0.019148 0.028572
0 0.097373 0.914329 0.015580 0.022222
0 0.388746 0.564328 0.017958 0.017462
0 0.357229 0.572264 0.012011 0.017460
0 0.329282 0.584170 0.010822 0.015872
0 0.302523 0.593693 0.012011 0.015875
0 0.273981 0.601629 0.012011 0.015872
0 0.224626 0.617503 0.008445 0.012700
0 0.173487 0.634170 0.010822 0.014285
0 0.148512 0.642899 0.010824 0.015875
0 0.140188 0.069089 0.010822 0.020634
