0 0.078939 0.134884 0.019148 0.022381
0 0.766935 0.680121 0.022714 0.030319
0 0.620060 0.727740 0.026282 0.027144
0 0.144350 0.080121 0.019148 0.020794
0 0.210354 0.019803 0.017958 0.020794
0 0.307280 0.033296 0.019148 0.025556
0 0.030775 0.117423 0.022716 0.028729
0 0.093211 0.062662 0.021525 0.027144
0 0.158621 0.009545 0.021527 0.019090
0 0.243060 0.811074 0.019146 0.035081
0 0.451183 0.976232 0.019146 0.028572
0 0.649257 0.920676 0.017839 0.031747
0 0.906674 0.829328 0.026284 0.030319
0 0.838292 0.946788 0.017958 0.027141
0 0.856131 0.620598 0.020337 0.028729
0 0.837697 0.478534 0.019148 0.030319
0 0.806776 0.288059 0.021525 0.023969
0 0.778828 0.146787 0.015580 0.020794
0 0.923324 0.138852 0.019148 0.027144
0 0.948299 0.016630 0.023905 0.023969
