0 0.177650 0.876153 0.014390 0.019206
0 0.428586 0.732503 0.026282 0.039843
0 0.584382 0.966629 0.028661 0.038253
0 0.199652 0.742027 0.017958 0.023969
0 0.180028 0.712662 0.016769 0.025556
0 0.161000 0.702343 0.016769 0.017619
0 0.287657 0.951550 0.017958 0.017619
0 0.282900 0.894407 0.015580 0.020791
0 0.209759 0.845995 0.021527 0.028729
0 0.188353 0.847581 0.019146 0.025556
0 0.415505 0.538851 0.031040 0.036666
0 0.071210 0.864249 0.015580 0.020794
0 0.109266 0.835677 0.020335 0.030319
0 0.103915 0.940440 0.016769 0.023969
0 0.079534 0.853137 0.020337 0.020794
0 0.067642 0.789646 0.017958 0.023969
0 0.086076 0.940440 0.016769 0.027144
0 0.039099 0.571392 0.025093 0.038253
0 0.045640 0.699963 0.023905 0.035078
0 0.269223 0.794407 0.019148 0.033491
0 0.414910 0.890439 0.022714 0.035078
0 0.107482 0.230915 0.023903 0.020794
0 0.171703 0.070598 0.021527 0.036666
0 0.046829 0.385677 0.033419 0.022381
0 0.012936 0.103931 0.025095 0.033493
0 0.178244 0.561074 0.029852 0.023969
0 0.567732 0.587265 0.031040 0.038256
