0 0.182407 0.420676 0.019148 0.028572
0 0.800234 0.150042 0.027472 0.036509
0 0.539784 0.194486 0.020337 0.023809
0 0.411342 0.260360 0.017956 0.025397
0 0.645629 0.047661 0.015580 0.022222
0 0.606383 0.068296 0.015580 0.019050
0 0.562973 0.091312 0.014390 0.017462
0 0.518377 0.114328 0.010822 0.019050
0 0.373880 0.280995 0.016767 0.025397
0 0.881700 0.347661 0.026282 0.031747
0 0.814506 0.397661 0.022716 0.030159
0 0.742555 0.450042 0.023905 0.030159
0 0.958408 0.421470 0.025093 0.030159
0 0.952462 0.358773 0.017958 0.028572
0 0.943542 0.301629 0.019148 0.034922
0 0.930460 0.051629 0.021527 0.020634
0 0.895972 0.052423 0.019148 0.025397
0 0.854941 0.056392 0.022716 0.020634
0 0.814506 0.064329 0.015580 0.023809
0 0.712228 0.107185 0.020335 0.023809
0 0.668820 0.123057 0.019148 0.033334
0 0.627195 0.145279 0.016769 0.026984
0 0.587354 0.169089 0.017958 0.026984
0 0.156242 0.793693 0.028663 0.041269
0 0.953056 0.227026 0.023903 0.041271
0 0.890025 0.274645 0.021527 0.031747
0 0.824615 0.318296 0.023903 0.033332
0 0.754448 0.373059 0.031040 0.038094
0 0.686064 0.420677 0.025095 0.034919
0 0.607572 0.477820 0.020337 0.034922
0 0.537405 0.528613 0.022716 0.038097
0 0.466048 0.577820 0.027472 0.041271
0 0.927487 0.310360 0.017958 0.023809
0 0.328688 0.306392 0.016769 0.025397
0 0.282900 0.333376 0.017958 0.025397
0 0.223437 0.291312 0.022714 0.023812
0 0.177055 0.285757 0.013201 0.022222
0 0.136025 0.278613 0.016769 0.026984
0 0.209759 0.370676 0.016769 0.030159
0 0.203219 0.611154 0.022714 0.031747
0 0.078940 0.575439 0.028661 0.030159
0 0.112240 0.180201 0.021525 0.023809
0 0.843643 0.134963 0.026282 0.038097
0 0.670009 0.254804 0.028661 0.030159
0 0.477347 0.391312 0.023905 0.030157
0 0.275170 0.462740 0.028661 0.036507
