0 0.853157 0.096073 0.021527 0.033334
0 0.594491 0.943692 0.022716 0.026984
0 0.986951 0.776232 0.020337 0.019047
0 0.367934 0.728613 0.016769 0.034922
0 0.133646 0.754804 0.014390 0.026984
0 0.087265 0.759566 0.014390 0.020634
0 0.189543 0.236550 0.026282 0.038094
0 0.486266 0.498454 0.020335 0.028572
0 0.458318 0.544486 0.016769 0.028572
0 0.500538 0.595279 0.020337 0.028572
0 0.536216 0.526232 0.017958 0.030159
0 0.521349 0.377026 0.021525 0.033334
0 0.405396 0.389724 0.022716 0.030157
0 0.628979 0.313535 0.022716 0.030159
0 0.703903 0.242106 0.015580 0.026982
0 0.781801 0.167503 0.016769 0.030157
0 0.812722 0.300835 0.026284 0.036509
0 0.932839 0.350835 0.019148 0.034922
0 0.111050 0.064328 0.026282 0.046031
0 0.523728 0.112740 0.021525 0.038094
0 0.592112 0.045279 0.017958 0.030159
0 0.744339 0.163535 0.015580 0.022222
0 0.929271 0.016709 0.019148 0.026982
0 0.290631 0.509566 0.026284 0.038097
