0 0.981598 0.918296 0.023905 0.036507
0 0.941758 0.944486 0.020337 0.028572
0 0.906674 0.965916 0.019148 0.026984
0 0.871591 0.865121 0.029852 0.038094
0 0.218680 0.552423 0.017958 0.025397
0 0.616492 0.805598 0.016769 0.036509
0 0.540379 0.854010 0.019148 0.025397
0 0.469021 0.898454 0.014390 0.028572
0 0.395881 0.939724 0.020337 0.031744
0 0.383989 0.930995 0.017958 0.039684
0 0.378042 0.877026 0.020337 0.030159
0 0.370312 0.818296 0.014390 0.030157
0 0.890619 0.680995 0.015580 0.025397
0 0.817479 0.733376 0.019148 0.025397
0 0.747312 0.782582 0.019146 0.031747
0 0.672387 0.833376 0.021525 0.031747
0 0.601626 0.879407 0.020335 0.025397
0 0.527890 0.926232 0.015580 0.023809
0 0.451777 0.970676 0.017958 0.020634
0 0.106294 0.158773 0.016769 0.028572
