0 0.152140 0.684170 0.034489 0.038097
0 0.341234 0.705598 0.022597 0.033334
0 0.398914 0.644486 0.026165 0.028572
0 0.461351 0.599248 0.022597 0.036509
0 0.080783 0.952423 0.027354 0.031747
0 0.170573 0.882582 0.026165 0.028572
0 0.518437 0.303217 0.020218 0.031747
0 0.535681 0.291312 0.023786 0.026982
0 0.674230 0.211948 0.022597 0.023809
0 0.692069 0.188932 0.017839 0.028572
0 0.575522 0.258773 0.022597 0.034922
0 0.470865 0.319089 0.022597 0.028572
0 0.423888 0.174646 0.028542 0.041269
0 0.334098 0.324645 0.020216 0.023809
0 0.186629 0.337345 0.029731 0.033334
0 0.071864 0.296073 0.021405 0.030159
0 0.021319 0.090518 0.024975 0.034919
0 0.733099 0.173851 0.016650 0.026984
0 0.790185 0.120676 0.023786 0.031747
0 0.923978 0.375439 0.022597 0.039684
0 0.987010 0.616709 0.020218 0.042856
0 0.535681 0.822264 0.021407 0.028572
0 0.495245 0.590518 0.033301 0.038094
0 0.250849 0.879407 0.017839 0.028572
