0 0.875159 0.256392 0.022716 0.033334
0 0.804991 0.304010 0.022714 0.026984
0 0.736608 0.349248 0.016769 0.031747
0 0.662873 0.400835 0.023905 0.030159
0 0.588544 0.452423 0.020337 0.028572
0 0.513619 0.504010 0.017958 0.030159
0 0.439290 0.552423 0.019148 0.022222
0 0.366150 0.604010 0.022716 0.036509
0 0.294199 0.652423 0.016769 0.031747
0 0.225815 0.698454 0.022714 0.034922
0 0.162784 0.742899 0.022716 0.038094
0 0.100347 0.786550 0.021527 0.036507
0 0.990175 0.528613 0.019650 0.028572
0 0.948299 0.554804 0.021527 0.030159
0 0.909053 0.576232 0.019148 0.025397
0 0.868023 0.432582 0.022716 0.033334
0 0.678334 0.561154 0.026282 0.030159
0 0.491023 0.691312 0.022716 0.030157
0 0.161595 0.919884 0.025095 0.036507
0 0.306091 0.816709 0.023905 0.033332
0 0.785368 0.642899 0.021525 0.028569
0 0.743150 0.664329 0.017958 0.030159
0 0.700335 0.684963 0.015580 0.026984
0 0.655143 0.712740 0.025093 0.034919
0 0.612330 0.730201 0.017958 0.028572
0 0.502917 0.773851 0.013201 0.030159
0 0.459508 0.786551 0.021527 0.026984
0 0.413720 0.792899 0.015580 0.020637
0 0.372691 0.800835 0.016769 0.026984
0 0.649792 0.935757 0.019148 0.023809
0 0.605788 0.927026 0.019148 0.025397
0 0.395881 0.934170 0.020337 0.023809
0 0.353067 0.953217 0.020335 0.026984
0 0.368528 0.527026 0.013201 0.028572
0 0.365555 0.465121 0.014390 0.019050
0 0.360203 0.407185 0.015580 0.030159
0 0.381610 0.523057 0.015580 0.023809
0 0.454750 0.473059 0.023905 0.047619
0 0.529080 0.423057 0.015580 0.023809
0 0.604598 0.373057 0.019148 0.028572
0 0.416693 0.088138 0.019148 0.023809
0 0.311443 0.111154 0.015580 0.025397
0 0.212138 0.134963 0.012011 0.028572
