0 0.522598 0.080995 0.019028 0.022222
0 0.566007 0.050042 0.017839 0.026984
0 0.526760 0.614328 0.022597 0.031744
0 0.909113 0.157979 0.026165 0.039684
0 0.979279 0.411946 0.026165 0.036507
0 0.487515 0.374645 0.024973 0.022222
0 0.448863 0.378613 0.019028 0.023809
0 0.088514 0.923851 0.023786 0.025397
0 0.146194 0.924645 0.020218 0.030159
0 0.165816 0.853217 0.021405 0.030159
0 0.061160 0.763535 0.021407 0.028572
0 0.195548 0.783376 0.021407 0.026984
0 0.240741 0.677820 0.023784 0.041271
0 0.155707 0.681788 0.022597 0.033334
0 0.139652 0.469884 0.023786 0.038094
0 0.333505 0.488931 0.019028 0.034919
0 0.392968 0.427026 0.028542 0.034922
0 0.328747 0.113534 0.028544 0.039681
0 0.184250 0.128613 0.022595 0.038097
0 0.073648 0.096867 0.024973 0.034922
0 0.505948 0.091312 0.019028 0.023812
0 0.461946 0.107979 0.023786 0.025397
