0 0.336418 0.516709 0.020335 0.023812
0 0.724121 0.307185 0.017958 0.026984
0 0.681307 0.330201 0.015580 0.025397
0 0.640277 0.352423 0.016769 0.025397
0 0.595680 0.377026 0.017958 0.026984
0 0.551676 0.400042 0.020337 0.025397
0 0.423235 0.470676 0.020337 0.026984
0 0.946515 0.241313 0.017958 0.025397
0 0.963759 0.623059 0.023905 0.042856
0 0.959002 0.561154 0.016769 0.033334
0 0.954245 0.508773 0.019146 0.033334
0 0.968517 0.430995 0.016769 0.030159
0 0.902511 0.481788 0.015580 0.023809
0 0.836508 0.530995 0.019148 0.026984
0 0.768124 0.584170 0.020335 0.028572
0 0.693200 0.637345 0.022714 0.026984
0 0.621248 0.696074 0.016769 0.033332
0 0.546324 0.747662 0.021527 0.038094
0 0.473184 0.794487 0.017958 0.033332
0 0.937001 0.511154 0.020335 0.031747
0 0.891809 0.557979 0.025095 0.030159
0 0.823425 0.610360 0.019146 0.030159
0 0.749096 0.665915 0.022714 0.030157
0 0.218085 0.830995 0.026284 0.036509
0 0.094401 0.793692 0.031040 0.025397
0 0.857914 0.348454 0.026282 0.036509
0 0.678928 0.476232 0.017958 0.041271
0 0.491024 0.611154 0.025093 0.028572
0 0.281711 0.687343 0.017956 0.038094
0 0.219275 0.578613 0.019148 0.026984
0 0.192515 0.630201 0.015580 0.025397
0 0.913216 0.244486 0.017958 0.028572
0 0.870402 0.250042 0.017958 0.026984
0 0.827587 0.263535 0.017958 0.025397
0 0.292415 0.542899 0.025095 0.031744
0 0.228788 0.501629 0.021527 0.022222
0 0.182407 0.495279 0.016769 0.022222
0 0.145540 0.485757 0.019148 0.022222
0 0.958407 0.088932 0.015580 0.022222
0 0.920350 0.103217 0.017958 0.025397
0 0.722337 0.108773 0.021527 0.020634
0 0.678333 0.097661 0.016769 0.026984
0 0.383394 0.491312 0.019148 0.026982
0 0.818073 0.375439 0.027472 0.030159
