0 0.640931 0.768296 0.020218 0.031744
0 0.721207 0.744486 0.019028 0.028572
0 0.588009 0.702423 0.014271 0.020634
0 0.560061 0.711948 0.013083 0.020634
0 0.504759 0.727820 0.014273 0.023809
0 0.451836 0.742899 0.013081 0.022224
0 0.421510 0.751629 0.016650 0.023809
0 0.394156 0.758773 0.014271 0.015872
0 0.336477 0.775439 0.013083 0.014285
0 0.269283 0.786551 0.023786 0.026984
0 0.253228 0.701629 0.015460 0.025397
0 0.237768 0.620676 0.022597 0.028572
0 0.225279 0.534963 0.016650 0.028572
0 0.212198 0.453217 0.021407 0.026984
0 0.159870 0.469090 0.023786 0.033332
0 0.475027 0.280995 0.014271 0.022222
0 0.465513 0.224645 0.014273 0.023809
0 0.458973 0.179407 0.010703 0.019047
0 0.447080 0.108773 0.013083 0.017460
0 0.441134 0.074645 0.010703 0.015872
0 0.695637 0.571470 0.017839 0.031747
0 0.667690 0.400835 0.019028 0.030159
0 0.671852 0.224645 0.024973 0.026984
