0 0.407180 0.737345 0.014390 0.020634
0 0.359013 0.757979 0.015580 0.020634
0 0.311443 0.780995 0.013201 0.025397
0 0.461292 0.712741 0.020337 0.031747
0 0.425019 0.583376 0.021527 0.036509
0 0.417288 0.412741 0.025095 0.031747
0 0.485671 0.192899 0.021525 0.030157
0 0.510646 0.042106 0.016769 0.030157
0 0.699741 0.033376 0.035797 0.031747
0 0.854941 0.339724 0.022716 0.047619
0 0.838291 0.652424 0.027472 0.047619
0 0.882294 0.856392 0.017958 0.026984
0 0.680117 0.950042 0.022716 0.023809
0 0.960192 0.060360 0.026282 0.028572
0 0.034342 0.052423 0.027472 0.038097
