0 0.621249 0.306392 0.023903 0.041271
0 0.526107 0.315915 0.021525 0.038094
0 0.604598 0.146867 0.019148 0.030159
0 0.511241 0.163534 0.020337 0.038094
0 0.232952 0.325439 0.034608 0.031747
0 0.879916 0.726232 0.017956 0.030159
0 0.878726 0.842106 0.017956 0.030157
0 0.758015 0.876234 0.026284 0.053969
0 0.760988 0.774645 0.036987 0.034922
0 0.375664 0.501629 0.039366 0.060316
0 0.251979 0.689724 0.034606 0.036507
0 0.162189 0.932582 0.023905 0.036509
0 0.043261 0.857979 0.021527 0.030159
0 0.161595 0.563535 0.022716 0.028572
0 0.146134 0.411946 0.022714 0.036507
0 0.140188 0.269090 0.022716 0.036507
0 0.123538 0.138932 0.025095 0.030159
