0 0.969111 0.269804 0.027472 0.031903
0 0.886456 0.372184 0.023905 0.023969
0 0.309124 0.266709 0.022597 0.025394
0 0.430430 0.197661 0.022595 0.023809
0 0.409023 0.362741 0.022595 0.030159
0 0.290690 0.427820 0.021407 0.026984
0 0.530923 0.294486 0.021407 0.030159
0 0.454750 0.623773 0.021527 0.028729
0 0.344742 0.679328 0.022716 0.028731
0 0.185380 0.762662 0.025093 0.030319
0 0.108077 0.865043 0.022714 0.028731
0 0.060507 0.751550 0.025093 0.030319
0 0.044451 0.576153 0.021527 0.028731
0 0.017692 0.592026 0.027472 0.035078
0 0.089643 0.400756 0.026282 0.030319
0 0.172893 0.496788 0.026282 0.038253
0 0.193110 0.334090 0.023905 0.030319
