0 0.213982 0.548454 0.027354 0.036509
0 0.096838 0.551629 0.021407 0.030159
0 0.216955 0.338137 0.023786 0.050794
0 0.422699 0.265915 0.033299 0.049206
0 0.494651 0.115123 0.013081 0.023809
0 0.582656 0.134963 0.022597 0.031747
0 0.645094 0.323852 0.028544 0.044444
0 0.469081 0.429407 0.028542 0.046034
0 0.472054 0.537343 0.022597 0.042856
0 0.479190 0.653217 0.020218 0.036509
0 0.547573 0.661153 0.023786 0.039681
0 0.590982 0.667503 0.024975 0.033332
0 0.749154 0.711153 0.022597 0.047619
0 0.101001 0.737343 0.024975 0.039681
0 0.155113 0.719884 0.026165 0.042856
0 0.224090 0.675439 0.021407 0.033334
0 0.279986 0.659566 0.021407 0.039684
0 0.379291 0.634963 0.017839 0.034922
0 0.758075 0.820677 0.019028 0.034919
0 0.731315 0.735757 0.017839 0.036509
0 0.702179 0.665121 0.016650 0.044444
0 0.699205 0.746074 0.022597 0.038094
0 0.719423 0.828613 0.015460 0.038097
0 0.822295 0.580201 0.019028 0.026984
0 0.805645 0.573057 0.019028 0.034922
0 0.726559 0.429407 0.022595 0.036509
0 0.756291 0.091312 0.017839 0.030157
0 0.693854 0.241312 0.028542 0.047619
0 0.852622 0.420677 0.024975 0.038094
0 0.712823 0.566629 0.023903 0.041428
0 0.932244 0.649963 0.022716 0.036666
0 0.806240 0.748454 0.017839 0.030159
0 0.836567 0.604010 0.019028 0.030159
0 0.731316 0.892899 0.024973 0.039681
0 0.834188 0.716709 0.019028 0.030157
0 0.815755 0.719882 0.017839 0.030159
0 0.843107 0.812741 0.017839 0.031747
0 0.207440 0.441312 0.023786 0.038094
