0 0.434369 0.950432 0.028496 0.038033
0 0.546712 0.862661 0.018633 0.032181
0 0.293529 0.771963 0.036169 0.043885
0 0.174611 0.917516 0.026305 0.039497
0 0.092956 0.918248 0.023015 0.040961
0 0.428341 0.591302 0.018633 0.021941
0 0.522052 0.693701 0.021922 0.036572
0 0.560960 0.312628 0.018633 0.035109
0 0.697965 0.388697 0.025210 0.038036
0 0.928679 0.651278 0.017536 0.030720
0 0.875521 0.668102 0.018633 0.020480
0 0.867849 0.627141 0.016441 0.029257
0 0.858533 0.589839 0.019729 0.021944
0 0.853053 0.548148 0.017538 0.026332
0 0.403681 0.215349 0.021922 0.027796
0 0.845928 0.164881 0.018633 0.020480
0 0.916622 0.132698 0.019729 0.026332
0 0.816884 0.044196 0.017536 0.024869
0 0.793867 0.113682 0.017538 0.026332
0 0.770302 0.137819 0.014248 0.024869
0 0.695224 0.120995 0.024112 0.032181
0 0.885934 0.210229 0.024114 0.038036
0 0.210780 0.148057 0.140292 0.039497
