0 0.408369 0.926946 0.016769 0.025556
0 0.343553 0.806312 0.022716 0.031906
0 0.405991 0.711868 0.021527 0.030319
0 0.917378 0.956312 0.016767 0.033493
0 0.904890 0.864249 0.020337 0.027144
0 0.872186 0.772185 0.016769 0.033491
0 0.984572 0.561868 0.017958 0.019206
0 0.869212 0.541234 0.017958 0.022381
0 0.790125 0.477740 0.021527 0.028731
0 0.594490 0.320598 0.027472 0.038253
0 0.556434 0.473773 0.022716 0.039841
0 0.309659 0.515835 0.021527 0.031903
0 0.331066 0.570598 0.021527 0.036666
0 0.270413 0.625359 0.023905 0.022381
0 0.065263 0.781709 0.025095 0.030319
0 0.032558 0.898376 0.023903 0.028729
0 0.068237 0.527741 0.023905 0.046191
0 0.029585 0.374566 0.020337 0.031903
0 0.141972 0.328534 0.016769 0.028731
0 0.213328 0.308693 0.023905 0.030319
0 0.209760 0.209487 0.023903 0.028731
0 0.242465 0.152343 0.010824 0.022381
0 0.156837 0.057899 0.022716 0.023969
0 0.298361 0.362661 0.022714 0.036666
0 0.345337 0.061074 0.014390 0.017619
0 0.349500 0.030121 0.013201 0.019206
0 0.530864 0.222978 0.021527 0.027144
0 0.388152 0.214249 0.021527 0.025556
