0 0.502381 0.673059 0.026163 0.041269
0 0.442917 0.831788 0.028542 0.044446
0 0.077215 0.860359 0.027354 0.050794
0 0.566601 0.500835 0.026165 0.039684
0 0.630227 0.338137 0.029731 0.034919
0 0.652229 0.859566 0.021405 0.039684
0 0.585630 0.988117 0.021407 0.023766
0 0.797321 0.830995 0.021407 0.036509
0 0.922789 0.879407 0.027354 0.041271
0 0.800295 0.673057 0.020218 0.031747
0 0.686124 0.646868 0.027354 0.042856
0 0.746182 0.446074 0.023784 0.034919
0 0.832404 0.473059 0.029733 0.038094
0 0.702179 0.233376 0.030922 0.031747
0 0.614172 0.134168 0.023784 0.046031
0 0.617146 0.022264 0.022595 0.034922
0 0.478001 0.156392 0.032112 0.042859
0 0.234200 0.023057 0.020218 0.033334
0 0.231226 0.190518 0.028544 0.038094
0 0.101596 0.158773 0.023786 0.028572
0 0.917437 0.291312 0.021407 0.049206
0 0.862135 0.149248 0.022597 0.038097
0 0.852622 0.050042 0.022597 0.036509
