0 0.502916 0.839724 0.020335 0.034919
0 0.486861 0.754010 0.016767 0.038097
0 0.517782 0.920676 0.014390 0.031747
0 0.419667 0.776232 0.015580 0.022222
0 0.359013 0.793692 0.015580 0.022222
0 0.332850 0.802423 0.017958 0.023809
0 0.305496 0.810360 0.013201 0.020634
0 0.256737 0.824645 0.017958 0.023809
0 0.205003 0.836551 0.019146 0.022222
0 0.180028 0.846867 0.016769 0.023809
0 0.099752 0.950835 0.020337 0.028572
0 0.063479 0.796867 0.014390 0.025397
0 0.131863 0.777026 0.017956 0.026984
0 0.295388 0.238138 0.021527 0.028572
0 0.879321 0.898454 0.023903 0.031747
0 0.778828 0.496074 0.020337 0.042856
0 0.736013 0.290518 0.015580 0.022224
0 0.837697 0.115916 0.019148 0.025397
0 0.026017 0.163534 0.020337 0.038094
0 0.203813 0.090518 0.021525 0.034919
0 0.160405 0.289724 0.010822 0.017462
