0 0.692605 0.979407 0.021525 0.022222
0 0.677798 0.316709 0.020218 0.026982
0 0.594550 0.337345 0.017839 0.026984
0 0.541032 0.265915 0.015462 0.020637
0 0.514274 0.273851 0.016650 0.020634
0 0.457188 0.290518 0.011892 0.019050
0 0.404861 0.306392 0.014271 0.019047
0 0.374533 0.313534 0.017839 0.017462
0 0.347776 0.319884 0.016650 0.017462
0 0.288312 0.337345 0.016650 0.023809
0 0.221713 0.354010 0.019028 0.031747
0 0.212793 0.271470 0.022597 0.028572
0 0.200901 0.192899 0.020218 0.030157
0 0.181872 0.035757 0.015460 0.023809
0 0.131327 0.054804 0.021407 0.023809
0 0.651041 0.149248 0.014271 0.025397
