0 0.959002 0.768217 0.019148 0.031903
0 0.810343 0.941234 0.014390 0.016031
0 0.772286 0.938852 0.016769 0.023969
0 0.687254 0.841232 0.022716 0.028729
0 0.659305 0.674565 0.021527 0.028731
0 0.633736 0.510281 0.025093 0.033493
0 0.779422 0.397582 0.021527 0.030316
0 0.923324 0.363456 0.021527 0.022381
0 0.960191 0.336471 0.021527 0.028731
0 0.925703 0.203137 0.016769 0.022381
0 0.961975 0.195201 0.015580 0.022379
0 0.994397 0.186551 0.011206 0.023809
0 0.913811 0.012720 0.014390 0.025440
0 0.856131 0.058693 0.010822 0.019206
0 0.796072 0.109487 0.016769 0.025556
0 0.732445 0.161868 0.017958 0.025556
0 0.667631 0.222184 0.016769 0.025556
0 0.427397 0.390440 0.028661 0.025556
0 0.376852 0.514249 0.017958 0.025556
0 0.328093 0.519804 0.017958 0.023966
0 0.227004 0.588852 0.015580 0.019206
0 0.111645 0.685677 0.015578 0.016031
0 0.038505 0.756312 0.019146 0.023969
0 0.068237 0.826153 0.019148 0.023969
0 0.235330 0.645993 0.017958 0.019206
0 0.360797 0.099963 0.021527 0.031903
0 0.535027 0.761868 0.029852 0.031906
0 0.162783 0.954724 0.034608 0.027144
0 0.337012 0.743613 0.026282 0.039841
0 0.753259 0.335677 0.023903 0.033493
0 0.891809 0.201550 0.017958 0.028731
0 0.942947 0.481709 0.010822 0.023969
0 0.955435 0.520597 0.012013 0.022381
0 0.907864 0.567424 0.016769 0.020794
0 0.891809 0.853137 0.013201 0.020794
0 0.698551 0.968217 0.021527 0.031903
