0 0.618276 0.112741 0.025093 0.028572
0 0.800830 0.096867 0.019148 0.028572
0 0.517188 0.169090 0.022716 0.033332
0 0.162189 0.852423 0.023905 0.044446
0 0.694984 0.042106 0.023903 0.036507
0 0.533837 0.054804 0.020337 0.030159
0 0.922134 0.150042 0.016769 0.026984
0 0.014125 0.852423 0.022716 0.041271
0 0.592706 0.734963 0.023905 0.031747
0 0.190137 0.028613 0.022714 0.038097
0 0.389935 0.776232 0.027472 0.041271
0 0.227599 0.941312 0.140453 0.015875
0 0.124727 0.544486 0.015580 0.025397
0 0.077751 0.550835 0.026282 0.022222
0 0.780612 0.970676 0.016769 0.023809
0 0.805585 0.950042 0.014390 0.026984
0 0.832345 0.876232 0.015580 0.028572
0 0.924513 0.950835 0.021527 0.028572
0 0.849589 0.986529 0.021527 0.026941
0 0.988391 0.571470 0.023218 0.028572
0 0.531458 0.308773 0.020337 0.023809
0 0.493402 0.373057 0.015580 0.031747
0 0.451777 0.327820 0.017958 0.026984
0 0.481509 0.277820 0.020337 0.031747
0 0.279927 0.286550 0.021525 0.036507
0 0.364366 0.506392 0.023905 0.025397
0 0.407775 0.179407 0.020322 0.022222
