0 0.810344 0.053137 0.026282 0.036668
0 0.790721 0.220598 0.025093 0.035078
0 0.944732 0.772979 0.033419 0.038253
0 0.877537 0.124566 0.029850 0.033491
0 0.699146 0.322185 0.022716 0.028729
0 0.619465 0.414249 0.022714 0.028731
0 0.495186 0.529328 0.021527 0.027144
0 0.463076 0.482503 0.019148 0.028731
0 0.644439 0.264248 0.025095 0.039841
0 0.393502 0.611868 0.015580 0.020794
0 0.329877 0.632503 0.021527 0.023969
0 0.343553 0.403932 0.027473 0.039841
0 0.523728 0.143613 0.026282 0.033491
0 0.151486 0.410281 0.028661 0.030319
0 0.053370 0.503931 0.022714 0.023969
0 0.017692 0.345995 0.020335 0.031903
0 0.272791 0.765042 0.035797 0.031903
0 0.093806 0.921392 0.027472 0.027141
0 0.049208 0.974565 0.023905 0.025556
0 0.221059 0.145993 0.020337 0.022381
0 0.178244 0.080121 0.013201 0.023969
0 0.130079 0.080915 0.033419 0.025556
0 0.348905 0.038059 0.023905 0.028731
