0 0.843643 0.263454 0.031040 0.035078
0 0.777044 0.307899 0.021527 0.035081
0 0.790126 0.291232 0.026282 0.027141
0 0.892998 0.414248 0.022716 0.038253
0 0.914404 0.623773 0.025093 0.054128
0 0.134835 0.407106 0.045311 0.055713
0 0.205003 0.310281 0.047691 0.052538
0 0.406584 0.184090 0.034608 0.057300
0 0.073588 0.272185 0.036987 0.036666
0 0.094401 0.815042 0.033419 0.039841
0 0.194300 0.944407 0.031040 0.035078
0 0.224626 0.685676 0.036987 0.047778
0 0.193705 0.680121 0.020337 0.033493
0 0.207382 0.712662 0.019146 0.022381
0 0.218680 0.745995 0.025095 0.031903
0 0.230573 0.789645 0.029850 0.036666
0 0.245438 0.836471 0.021525 0.025556
0 0.264467 0.869804 0.023903 0.025554
0 0.275765 0.894407 0.020337 0.023966
0 0.280522 0.942026 0.025093 0.030316
0 0.293009 0.978534 0.021527 0.023969
0 0.519565 0.915835 0.036987 0.038253
0 0.464264 0.805518 0.023903 0.036668
0 0.425613 0.688851 0.025093 0.041428
0 0.527891 0.627740 0.029850 0.030319
0 0.539783 0.445995 0.029850 0.038253
0 0.599247 0.395995 0.034608 0.033491
0 0.627195 0.389645 0.019148 0.033491
0 0.657522 0.365042 0.027472 0.031903
0 0.747906 0.320598 0.025093 0.035078
0 0.944136 0.809487 0.029852 0.035081
0 0.961381 0.940440 0.019148 0.027144
0 0.966733 0.984862 0.025095 0.030276
0 0.915594 0.984862 0.027472 0.030276
0 0.870995 0.944407 0.033419 0.038253
0 0.796666 0.977741 0.032229 0.038253
0 0.801423 0.945201 0.029850 0.030316
0 0.731851 0.937265 0.026282 0.033493
0 0.643846 0.931709 0.035797 0.035081
0 0.512430 0.292820 0.039364 0.052540
0 0.964354 0.268217 0.022716 0.035078
