0 0.318637 0.298454 0.022597 0.031747
0 0.325774 0.372264 0.020218 0.026984
0 0.332910 0.431788 0.020218 0.031747
0 0.342423 0.493692 0.017839 0.028572
0 0.306151 0.377026 0.023786 0.026984
0 0.235389 0.430995 0.029733 0.026984
0 0.167005 0.488138 0.019028 0.030159
0 0.103380 0.542899 0.024975 0.031744
0 0.050457 0.517501 0.021407 0.025397
0 0.115272 0.465121 0.022597 0.031744
0 0.182466 0.409566 0.026163 0.028572
0 0.248471 0.351629 0.024975 0.033334
0 0.389995 0.238138 0.020218 0.028572
0 0.458973 0.181788 0.020218 0.023809
0 0.529139 0.127026 0.020218 0.025397
0 0.597523 0.073851 0.021405 0.033334
0 0.316854 0.105598 0.021405 0.023809
0 0.277013 0.118296 0.022595 0.030157
0 0.233605 0.130995 0.021407 0.023809
0 0.193764 0.146867 0.022597 0.030159
0 0.094459 0.204010 0.021407 0.023809
0 0.055213 0.230201 0.021407 0.025397
0 0.021319 0.257185 0.022597 0.025397
0 0.062349 0.019089 0.019028 0.028572
0 0.098622 0.019089 0.020218 0.025397
0 0.957872 0.537345 0.014271 0.026984
0 0.900788 0.189724 0.030920 0.030157
0 0.502381 0.760360 0.021405 0.028572
0 0.396535 0.788932 0.021407 0.022222
0 0.293069 0.815916 0.021407 0.025397
0 0.838351 0.707185 0.020218 0.039684
0 0.811592 0.557979 0.026165 0.036509
0 0.860352 0.884963 0.021405 0.036509
0 0.187817 0.219090 0.022597 0.031744
0 0.023103 0.361948 0.026165 0.031747
0 0.367399 0.078613 0.024975 0.033334
