0 0.942352 0.600756 0.026284 0.030319
0 0.077751 0.069804 0.031040 0.028729
0 0.551081 0.375359 0.028663 0.027144
0 0.263872 0.734090 0.027472 0.039843
0 0.277549 0.769804 0.019148 0.022379
0 0.288252 0.806312 0.019148 0.025556
0 0.132457 0.184090 0.047691 0.057300
0 0.506484 0.063454 0.039366 0.054128
0 0.118781 0.866629 0.036987 0.044603
0 0.258520 0.870598 0.028661 0.036666
0 0.179434 0.723773 0.027473 0.035078
0 0.083103 0.603138 0.034608 0.038253
0 0.215706 0.449170 0.035795 0.038253
0 0.200841 0.415837 0.022716 0.025556
0 0.191326 0.388059 0.022716 0.027144
0 0.162784 0.384884 0.022716 0.023969
0 0.176460 0.433296 0.026284 0.035081
0 0.185380 0.465835 0.020335 0.027141
0 0.197273 0.499963 0.027473 0.035078
0 0.205003 0.531709 0.023903 0.025556
0 0.219275 0.581709 0.021527 0.033493
0 0.234735 0.626153 0.021527 0.027144
0 0.254953 0.663456 0.019148 0.022381
0 0.262088 0.685677 0.019146 0.028731
0 0.299549 0.840440 0.015580 0.017619
0 0.309659 0.874565 0.021527 0.028731
0 0.558217 0.843613 0.028661 0.033491
0 0.515998 0.693613 0.027473 0.031903
0 0.449993 0.567423 0.033419 0.046191
0 0.419668 0.453137 0.032229 0.033493
0 0.517781 0.393613 0.028661 0.038253
0 0.651576 0.988117 0.020337 0.023766
0 0.653954 0.947582 0.029850 0.041428
0 0.654548 0.855518 0.026282 0.038256
0 0.611139 0.797582 0.029850 0.043016
0 0.797261 0.778535 0.040553 0.049366
0 0.922729 0.793613 0.025095 0.038253
0 0.978626 0.799170 0.027472 0.033491
0 0.966138 0.745995 0.026284 0.035078
0 0.873375 0.736471 0.023905 0.031906
0 0.799640 0.728534 0.023905 0.028731
0 0.728878 0.719804 0.029850 0.033491
0 0.637899 0.710281 0.023903 0.023969
0 0.604599 0.526948 0.026282 0.038253
0 0.624223 0.491232 0.032229 0.033491
0 0.650980 0.457106 0.031040 0.038256
0 0.582003 0.469010 0.028661 0.030316
0 0.598652 0.412661 0.026282 0.038253
0 0.532053 0.217423 0.023905 0.031903
0 0.587354 0.171392 0.020337 0.028729
0 0.618276 0.173773 0.025093 0.033491
0 0.644439 0.143613 0.020337 0.033491
0 0.765151 0.099168 0.023903 0.020794
0 0.782395 0.085677 0.027472 0.028731
0 0.734825 0.097582 0.032229 0.043016
0 0.830561 0.059487 0.023905 0.023969
0 0.948299 0.072979 0.023905 0.035078
0 0.882295 0.197582 0.029850 0.033491
0 0.908458 0.407899 0.025095 0.031906
