0 0.588544 0.795281 0.022716 0.041269
0 0.719364 0.636551 0.022716 0.034922
0 0.707471 0.469882 0.025093 0.025397
0 0.680712 0.297661 0.023905 0.023809
0 0.731257 0.057979 0.027472 0.023809
0 0.596274 0.187345 0.021525 0.025397
0 0.467832 0.261154 0.019146 0.030159
0 0.386367 0.336551 0.022716 0.034922
0 0.437506 0.921470 0.015580 0.033334
0 0.269223 0.304804 0.021527 0.028572
0 0.148512 0.270676 0.032229 0.030159
0 0.042667 0.240518 0.017958 0.036507
0 0.472589 0.570677 0.012011 0.017462
0 0.417883 0.613535 0.014390 0.023809
0 0.428587 0.660360 0.014390 0.022222
0 0.397665 0.757185 0.019148 0.028572
0 0.354257 0.779407 0.020335 0.031747
0 0.381015 0.913535 0.012011 0.020634
0 0.343553 0.919882 0.017958 0.020634
0 0.299549 0.930201 0.015580 0.019047
0 0.260305 0.938137 0.013201 0.012700
0 0.163973 0.980205 0.015580 0.023817
0 0.664657 0.902423 0.017958 0.026984
0 0.592706 0.965121 0.023905 0.031744
0 0.914999 0.760360 0.028661 0.038097
0 0.838291 0.396073 0.027472 0.033334
0 0.954245 0.638932 0.026282 0.026984
0 0.980409 0.630995 0.019148 0.030159
0 0.895972 0.151629 0.016769 0.033334
0 0.859699 0.066709 0.017958 0.028569
0 0.836508 0.061946 0.021527 0.034919
0 0.576651 0.738138 0.025093 0.031747
