0 0.318043 0.229407 0.021407 0.023809
0 0.084351 0.335757 0.020218 0.030159
0 0.152139 0.279407 0.017839 0.022222
0 0.219334 0.222264 0.021407 0.028572
0 0.035590 0.315123 0.017839 0.023809
0 0.098027 0.259566 0.019028 0.026984
0 0.165816 0.200042 0.016652 0.025397
0 0.234200 0.147661 0.017839 0.022222
0 0.303177 0.092899 0.017839 0.030157
0 0.372750 0.032582 0.028542 0.033334
0 0.309719 0.170676 0.019028 0.026984
0 0.287122 0.164329 0.014271 0.023809
0 0.018940 0.074645 0.015460 0.019047
0 0.051647 0.046073 0.019028 0.025397
0 0.089704 0.019882 0.016650 0.023809
0 0.400698 0.220676 0.020218 0.025397
0 0.432808 0.211154 0.020218 0.025397
0 0.466703 0.203217 0.021405 0.025397
0 0.636173 0.933376 0.017839 0.025397
0 0.775319 0.884170 0.017839 0.028572
0 0.864514 0.818295 0.015460 0.026984
0 0.851433 0.690518 0.022597 0.034919
0 0.823484 0.498454 0.019028 0.031747
0 0.797321 0.348454 0.023786 0.030159
0 0.943007 0.338932 0.017839 0.026984
0 0.483353 0.546073 0.021407 0.025397
0 0.376317 0.577820 0.019028 0.025397
0 0.271067 0.604804 0.020218 0.025397
0 0.976901 0.217503 0.028544 0.038094
0 0.015968 0.165121 0.026163 0.031744
0 0.177709 0.021470 0.026165 0.033334
