0 0.485671 0.455518 0.023903 0.031906
0 0.253169 0.317423 0.027473 0.028729
0 0.190136 0.280121 0.020337 0.033493
0 0.165757 0.426153 0.031040 0.027144
0 0.286468 0.530121 0.020337 0.025556
0 0.552271 0.249962 0.021527 0.023969
0 0.270413 0.693613 0.026284 0.028729
0 0.400638 0.822979 0.027473 0.036666
0 0.384583 0.957899 0.026284 0.033493
0 0.401233 0.105518 0.019148 0.036668
0 0.672982 0.012720 0.022714 0.025440
0 0.959597 0.539646 0.010822 0.025556
0 0.865644 0.576946 0.015580 0.020794
0 0.560596 0.795201 0.021525 0.031903
0 0.525512 0.650757 0.020335 0.035078
