0 0.473778 0.019010 0.019148 0.025554
0 0.323335 0.611868 0.025095 0.033493
0 0.397665 0.734090 0.023905 0.030319
0 0.472589 0.844407 0.021527 0.028729
0 0.555244 0.967423 0.025095 0.036666
0 0.336418 0.027740 0.022714 0.030319
0 0.022450 0.761074 0.029850 0.030319
0 0.236518 0.853932 0.034608 0.047778
0 0.046830 0.626153 0.026284 0.030319
0 0.040884 0.373773 0.026282 0.036666
0 0.103320 0.172979 0.020337 0.031903
0 0.171108 0.132503 0.017958 0.027144
0 0.163973 0.049170 0.025093 0.035078
0 0.258520 0.170598 0.021525 0.033491
0 0.273386 0.315835 0.022716 0.041428
0 0.384583 0.510281 0.019148 0.023969
0 0.243060 0.440439 0.028661 0.030316
0 0.299550 0.376153 0.022714 0.028731
0 0.514214 0.238851 0.021527 0.036666
0 0.545134 0.092820 0.019148 0.027141
0 0.745528 0.215835 0.020337 0.035078
0 0.834129 0.284090 0.019148 0.028731
0 0.900727 0.288852 0.014390 0.022381
0 0.954840 0.295995 0.015578 0.023966
0 0.966138 0.216629 0.019148 0.039841
0 0.970301 0.802343 0.017958 0.027144
0 0.929866 0.714249 0.015580 0.028731
0 0.901917 0.611074 0.019148 0.022381
0 0.859104 0.516630 0.014390 0.023969
