0 0.802019 0.315915 0.016769 0.022224
0 0.615303 0.255598 0.019148 0.022222
0 0.561191 0.266709 0.015580 0.022224
0 0.632546 0.130995 0.025093 0.033334
0 0.509457 0.800043 0.023903 0.047619
0 0.391719 0.533376 0.031040 0.025397
0 0.303118 0.315121 0.029850 0.030157
0 0.272792 0.051629 0.023905 0.033334
0 0.237114 0.504010 0.014390 0.023809
0 0.183002 0.446073 0.017958 0.028572
0 0.161000 0.523851 0.019148 0.022222
0 0.210949 0.550042 0.021527 0.033334
0 0.184785 0.665123 0.019146 0.025397
0 0.093806 0.721470 0.020335 0.023809
0 0.034937 0.793692 0.014390 0.025397
0 0.198462 0.920676 0.017958 0.028572
0 0.087860 0.935757 0.015580 0.026984
0 0.177650 0.777820 0.021527 0.025397
0 0.294199 0.648454 0.016769 0.026984
0 0.447021 0.927026 0.017958 0.028572
