0 0.906674 0.286551 0.021527 0.030159
0 0.482104 0.972264 0.021527 0.026984
0 0.475563 0.932582 0.015580 0.023809
0 0.466049 0.900042 0.017958 0.025397
0 0.411937 0.916709 0.016767 0.030157
0 0.190137 0.277026 0.022714 0.030159
0 0.800235 0.707979 0.020337 0.028572
0 0.819858 0.864328 0.019148 0.033332
0 0.911432 0.980995 0.023905 0.028572
0 0.920351 0.643693 0.025093 0.033332
0 0.778233 0.423851 0.019148 0.031747
0 0.787747 0.211154 0.028661 0.028572
0 0.750880 0.142899 0.026282 0.028569
0 0.799307 0.566740 0.031042 0.028541
