0 0.703309 0.143693 0.023905 0.046031
0 0.864455 0.130993 0.025093 0.049206
0 0.524323 0.167503 0.017956 0.049206
0 0.284090 0.268296 0.029850 0.031744
0 0.317389 0.538931 0.039366 0.036507
0 0.401828 0.757185 0.025095 0.034922
0 0.221653 0.758773 0.014390 0.031747
0 0.247816 0.715123 0.019148 0.023809
0 0.175271 0.728613 0.019148 0.022222
0 0.304307 0.859566 0.022716 0.023809
0 0.197273 0.866710 0.020337 0.025397
0 0.107483 0.920676 0.019148 0.022222
0 0.481509 0.078613 0.146400 0.033334
0 0.627195 0.479407 0.019148 0.025397
0 0.571299 0.489726 0.019148 0.026984
0 0.329282 0.204010 0.015580 0.052379
