0 0.081973 0.838931 0.022597 0.039681
0 0.140247 0.494487 0.024975 0.039681
0 0.092676 0.529407 0.032110 0.042859
0 0.199116 0.314328 0.026165 0.038094
0 0.199711 0.208773 0.020218 0.036509
0 0.023103 0.951629 0.023786 0.030159
0 0.133111 0.866709 0.017839 0.031744
0 0.151545 0.851629 0.021407 0.030159
0 0.200900 0.872264 0.024973 0.033334
0 0.253823 0.896073 0.019028 0.030159
0 0.297825 0.892899 0.019028 0.033332
0 0.375723 0.910360 0.020218 0.023809
0 0.394751 0.928613 0.017839 0.028572
0 0.378101 0.873851 0.020218 0.033334
0 0.442323 0.880201 0.020218 0.026984
0 0.504759 0.945201 0.026163 0.039841
0 0.568980 0.893693 0.023786 0.034919
0 0.583251 0.956392 0.021407 0.036509
0 0.655797 0.977027 0.030920 0.042861
0 0.752129 0.984148 0.030920 0.031704
0 0.762238 0.878613 0.024975 0.046034
0 0.826457 0.857185 0.027354 0.044446
0 0.725964 0.825439 0.023784 0.041271
0 0.726559 0.677820 0.024973 0.038097
0 0.691475 0.524645 0.023784 0.039684
0 0.750938 0.597662 0.021407 0.039681
0 0.721802 0.506392 0.015460 0.034922
0 0.739641 0.492899 0.017839 0.036507
0 0.689691 0.450042 0.027352 0.036509
0 0.797321 0.534170 0.014271 0.026984
0 0.805645 0.505598 0.016650 0.030159
0 0.824079 0.505598 0.015460 0.023809
0 0.583251 0.444487 0.021407 0.034919
0 0.538653 0.438931 0.029731 0.039681
0 0.469080 0.430201 0.023786 0.034922
0 0.369183 0.413535 0.021407 0.026984
0 0.265715 0.442106 0.023786 0.033332
0 0.212198 0.450835 0.033301 0.041271
0 0.454215 0.192106 0.022597 0.038094
0 0.459567 0.298454 0.019028 0.034922
0 0.710503 0.198456 0.019028 0.044444
0 0.840134 0.195279 0.023784 0.031747
0 0.827647 0.388932 0.017839 0.025397
0 0.812781 0.363535 0.016650 0.025397
0 0.793158 0.352423 0.020218 0.028572
0 0.408429 0.029407 0.021407 0.042859
0 0.207440 0.104010 0.023786 0.046034
0 0.080783 0.323057 0.022597 0.030159
0 0.007984 0.111153 0.015968 0.041269
0 0.836567 0.601629 0.016650 0.028572
0 0.627255 0.092106 0.023786 0.038094
0 0.702714 0.337265 0.017958 0.033493
0 0.917970 0.433292 0.022720 0.035088
