0 0.582003 0.819010 0.021525 0.031903
0 0.444642 0.954724 0.022716 0.033493
0 0.216301 0.944407 0.020337 0.019209
0 0.194299 0.785677 0.019148 0.031906
0 0.059912 0.801550 0.023903 0.025556
0 0.070616 0.911074 0.021527 0.035081
0 0.055154 0.607106 0.019146 0.027144
0 0.115213 0.448376 0.027472 0.030316
0 0.171703 0.288851 0.021527 0.031903
0 0.231167 0.125359 0.026284 0.031906
0 0.603410 0.074566 0.023903 0.050953
0 0.714012 0.134884 0.023903 0.035081
0 0.821046 0.199963 0.021525 0.041428
0 0.045640 0.110281 0.023905 0.033493
0 0.010957 0.308693 0.021915 0.027144
0 0.429181 0.780915 0.022714 0.022381
