0 0.496375 0.885677 0.028663 0.035081
0 0.375664 0.734090 0.020335 0.027144
0 0.260899 0.911074 0.021525 0.019206
0 0.221059 0.769010 0.017958 0.030316
0 0.254358 0.392820 0.025095 0.033491
0 0.181217 0.115835 0.031040 0.041428
0 0.383394 0.114249 0.026284 0.028731
0 0.345932 0.142820 0.022716 0.031903
0 0.815100 0.511868 0.021527 0.023969
0 0.916783 0.585677 0.025093 0.035081
0 0.917378 0.419010 0.023903 0.031903
0 0.934622 0.115835 0.022714 0.038253
0 0.447020 0.500756 0.025093 0.030319
0 0.376259 0.618217 0.023903 0.033491
