0 0.389935 0.910360 0.022714 0.036509
0 0.375069 0.830995 0.023903 0.036509
0 0.331066 0.795279 0.012011 0.022222
0 0.298955 0.804804 0.014392 0.022222
0 0.237708 0.823057 0.013201 0.020634
0 0.210949 0.830201 0.012011 0.019047
0 0.092616 0.773059 0.022714 0.038094
0 0.284685 0.723851 0.023903 0.038097
0 0.491617 0.654804 0.019148 0.042859
0 0.705687 0.583376 0.021527 0.039684
0 0.907269 0.508773 0.017958 0.033334
0 0.916188 0.719882 0.019146 0.023809
0 0.944136 0.854804 0.015580 0.026984
0 0.810937 0.909566 0.017958 0.022222
0 0.473185 0.610360 0.029850 0.030159
