0 0.842454 0.713454 0.023903 0.033491
0 0.941758 0.781709 0.022716 0.036668
0 0.948299 0.619804 0.023905 0.030316
0 0.972084 0.308693 0.021525 0.030319
0 0.886456 0.380121 0.021527 0.027144
0 0.483887 0.712662 0.022714 0.031906
0 0.412531 0.834884 0.017956 0.025556
0 0.413721 0.934090 0.020335 0.027144
0 0.259709 0.965835 0.019146 0.033491
0 0.288847 0.609486 0.029852 0.041428
0 0.205598 0.319010 0.034608 0.038253
0 0.411937 0.309487 0.021525 0.025556
0 0.375069 0.343613 0.023903 0.030316
0 0.428586 0.126153 0.021525 0.030319
0 0.550487 0.020598 0.022716 0.035078
0 0.021259 0.525359 0.020337 0.025556
0 0.015313 0.101550 0.027472 0.031906
0 0.397070 0.063456 0.017958 0.028731
