0 0.175271 0.934170 0.014390 0.023809
0 0.550487 0.772264 0.022716 0.030159
0 0.552271 0.912740 0.021527 0.038094
0 0.799640 0.973851 0.021527 0.036509
0 0.976247 0.931788 0.029850 0.038097
0 0.501727 0.624645 0.020337 0.036509
0 0.347121 0.753217 0.017958 0.036509
0 0.298361 0.659566 0.017956 0.033334
0 0.715795 0.813535 0.017958 0.026984
0 0.672982 0.859566 0.020335 0.026984
0 0.637898 0.817503 0.016769 0.022224
0 0.661684 0.753217 0.019148 0.030159
0 0.718174 0.774645 0.020337 0.031747
0 0.389936 0.404010 0.020337 0.036509
0 0.238898 0.388138 0.022716 0.030159
0 0.266250 0.177026 0.022716 0.036509
0 0.498754 0.368296 0.023905 0.034919
0 0.538595 0.199248 0.020337 0.030159
0 0.045045 0.897661 0.022716 0.030159
0 0.590922 0.051629 0.027473 0.039684
