0 0.416158 0.439724 0.027354 0.031744
0 0.348370 0.428613 0.020218 0.031747
0 0.367993 0.488138 0.016650 0.030159
0 0.282365 0.392104 0.019028 0.025397
0 0.264526 0.386551 0.019028 0.026984
0 0.269283 0.464329 0.019028 0.026984
0 0.224090 0.465123 0.016650 0.025397
0 0.101596 0.444486 0.019028 0.022222
0 0.074241 0.107979 0.021407 0.038097
0 0.125975 0.065915 0.027352 0.033332
0 0.192575 0.020676 0.022597 0.031747
0 0.250195 0.015894 0.026284 0.031787
0 0.564223 0.013514 0.021407 0.027027
0 0.664122 0.022264 0.019028 0.031747
0 0.664717 0.091312 0.020218 0.033332
0 0.700395 0.238138 0.020218 0.031747
0 0.698611 0.288138 0.021407 0.030159
0 0.706342 0.388137 0.022597 0.042856
0 0.744992 0.448454 0.023784 0.033334
0 0.722991 0.142106 0.020218 0.033332
0 0.690881 0.063535 0.015462 0.025397
0 0.710504 0.060360 0.021405 0.034922
0 0.771156 0.113535 0.016650 0.023809
0 0.778887 0.089726 0.015460 0.026984
0 0.797916 0.093692 0.015460 0.025397
0 0.808618 0.178613 0.020218 0.030159
0 0.732505 0.749249 0.024975 0.044444
0 0.808024 0.408773 0.021407 0.026984
0 0.437565 0.839724 0.029733 0.044444
0 0.401293 0.645281 0.028544 0.042856
0 0.056403 0.903217 0.033299 0.041271
0 0.854406 0.563535 0.021407 0.031747
0 0.801483 0.856392 0.029731 0.039684
0 0.754507 0.827026 0.019028 0.034922
0 0.774130 0.766709 0.017839 0.028569
0 0.703963 0.786551 0.029733 0.033334
0 0.733694 0.547661 0.020218 0.025397
0 0.635580 0.526232 0.021405 0.030159
0 0.560061 0.518296 0.020216 0.030157
0 0.547573 0.461154 0.019028 0.030159
0 0.478596 0.504804 0.026165 0.038097
0 0.753317 0.719884 0.023786 0.033332
0 0.934087 0.784963 0.014273 0.026984
0 0.906734 0.684170 0.021407 0.028572
