0 0.194954 0.513534 0.020218 0.039681
0 0.043916 0.892106 0.027354 0.041269
0 0.138463 0.825439 0.026165 0.034922
0 0.153329 0.691312 0.024975 0.036507
0 0.244308 0.346867 0.023786 0.033334
0 0.153924 0.296868 0.033299 0.038094
0 0.043321 0.252423 0.016650 0.025397
0 0.344207 0.393693 0.023786 0.057144
0 0.543411 0.497662 0.034489 0.052381
0 0.759263 0.590518 0.035678 0.053969
0 0.985477 0.454804 0.029045 0.046034
0 0.871056 0.395281 0.030922 0.041269
0 0.227658 0.135757 0.023786 0.030159
0 0.266904 0.238932 0.021407 0.030159
0 0.205657 0.057185 0.027352 0.041271
0 0.402482 0.116709 0.023786 0.033332
