0 0.547513 0.902345 0.023905 0.036666
0 0.772287 0.715042 0.026282 0.033491
0 0.865645 0.609487 0.025093 0.031906
0 0.951273 0.502343 0.020337 0.030319
0 0.894187 0.451551 0.027472 0.036666
0 0.726499 0.680915 0.025093 0.031906
0 0.431560 0.845201 0.029850 0.043016
0 0.608761 0.576154 0.032231 0.038253
0 0.784179 0.361867 0.035797 0.038253
0 0.969705 0.108692 0.033419 0.046191
0 0.767529 0.060281 0.026282 0.031906
0 0.690821 0.149962 0.022714 0.027144
0 0.595085 0.259487 0.021527 0.030319
0 0.509457 0.356312 0.028661 0.023969
0 0.425019 0.455518 0.021527 0.028731
0 0.343553 0.372185 0.020337 0.030316
0 0.291820 0.566630 0.026284 0.019206
0 0.246628 0.492027 0.023903 0.019206
0 0.197273 0.512662 0.039364 0.031906
0 0.140188 0.193613 0.032231 0.028729
0 0.094401 0.538852 0.031040 0.030319
0 0.061698 0.659489 0.027475 0.033498
0 0.009763 0.682506 0.019527 0.035088
0 0.094995 0.765835 0.025093 0.030316
0 0.140782 0.922979 0.026284 0.030316
0 0.236518 0.851550 0.032229 0.033493
