0 0.097341 0.472810 0.025208 0.039497
0 0.592746 0.376263 0.018633 0.030720
0 0.557673 0.018595 0.023017 0.029257
0 0.450810 0.293612 0.026305 0.038033
0 0.507256 0.575943 0.020826 0.029257
0 0.532464 0.884603 0.025208 0.035106
0 0.722626 0.869975 0.026305 0.029257
0 0.902375 0.955551 0.021920 0.027796
0 0.958820 0.962867 0.020826 0.024869
0 0.944571 0.985540 0.020824 0.026332
0 0.985672 0.593496 0.015345 0.023407
0 0.569182 0.132698 0.015345 0.026332
0 0.271610 0.365291 0.012057 0.017553
0 0.267224 0.306777 0.014248 0.026330
0 0.326410 0.426000 0.023017 0.039497
