0 0.862918 0.834866 0.019729 0.026330
0 0.300106 0.981799 0.033977 0.036403
0 0.431081 0.819506 0.030689 0.039497
0 0.404229 0.442092 0.025208 0.039497
0 0.700157 0.596421 0.025208 0.029257
0 0.849765 0.756604 0.017538 0.021944
0 0.856889 0.793907 0.014248 0.017556
0 0.870590 0.871437 0.024112 0.035109
0 0.921555 0.859004 0.016439 0.024869
0 0.852505 0.373337 0.023017 0.024869
0 0.925939 0.335302 0.018633 0.027793
0 0.825652 0.240948 0.015345 0.020480
0 0.938544 0.254847 0.015345 0.019017
0 0.800992 0.320674 0.018633 0.027793
0 0.779071 0.340422 0.012055 0.020480
0 0.708377 0.329451 0.017538 0.030718
0 0.890318 0.434776 0.017538 0.036570
0 0.212972 0.341154 0.135909 0.030720
0 0.059527 0.048584 0.026305 0.051198
0 0.385048 0.099784 0.021922 0.030720
0 0.566441 0.526936 0.023015 0.036572
