0 0.080129 0.674645 0.019148 0.025397
0 0.043856 0.691312 0.015580 0.026982
0 0.009173 0.707979 0.018347 0.022222
0 0.206787 0.434963 0.027472 0.031747
0 0.035531 0.557979 0.027472 0.030159
0 0.979814 0.627026 0.013201 0.012697
0 0.965544 0.597661 0.010822 0.023809
0 0.959597 0.574645 0.010822 0.015872
0 0.919756 0.422264 0.012011 0.019047
0 0.528485 0.038138 0.021527 0.025397
0 0.158027 0.636551 0.020337 0.028572
0 0.793098 0.867503 0.025095 0.039681
0 0.763962 0.634963 0.021527 0.028572
0 0.938785 0.918296 0.023903 0.036507
0 0.907864 0.630201 0.026284 0.028572
0 0.924513 0.646867 0.014390 0.020634
0 0.918566 0.611948 0.014390 0.023809
0 0.907864 0.580201 0.014390 0.023809
0 0.900134 0.542106 0.017956 0.030157
0 0.891809 0.504010 0.015580 0.017460
0 0.887646 0.456392 0.019148 0.023809
0 0.881105 0.434170 0.020335 0.020634
0 0.862670 0.396867 0.016769 0.028572
0 0.850184 0.346867 0.017958 0.023809
0 0.837102 0.304010 0.022716 0.026984
0 0.825804 0.270676 0.021525 0.026984
0 0.817479 0.235757 0.019148 0.026984
0 0.809153 0.196867 0.019148 0.025397
0 0.796072 0.156392 0.021527 0.030159
0 0.780612 0.108773 0.021527 0.030159
0 0.890025 0.204804 0.021527 0.025397
0 0.878726 0.174645 0.022714 0.022222
0 0.870996 0.145279 0.021527 0.030159
0 0.862077 0.112741 0.013203 0.028572
0 0.877538 0.089726 0.017958 0.023809
0 0.877538 0.057979 0.015580 0.026984
0 0.880510 0.023851 0.019146 0.028572
0 0.831155 0.479407 0.025095 0.031747
0 0.733041 0.353217 0.026282 0.036509
0 0.609356 0.270677 0.021527 0.036507
0 0.476157 0.233375 0.019148 0.044444
0 0.229978 0.255598 0.035797 0.041271
0 0.161595 0.304010 0.022716 0.030159
0 0.096778 0.350042 0.016769 0.026984
0 0.031369 0.400042 0.016769 0.025397
0 0.406585 0.371470 0.022716 0.025397
0 0.516593 0.427820 0.019148 0.030159
0 0.488049 0.480201 0.016769 0.023809
0 0.561785 0.577026 0.016767 0.026984
0 0.521350 0.569089 0.016769 0.026984
0 0.474968 0.557979 0.016769 0.030159
0 0.411343 0.511154 0.015580 0.025397
0 0.367934 0.533376 0.016769 0.028572
0 0.319172 0.560360 0.016769 0.028572
0 0.281711 0.576232 0.017956 0.025397
0 0.118780 0.653217 0.015580 0.020634
