0 0.027265 0.703217 0.039246 0.038097
0 0.123003 0.626232 0.028544 0.030159
0 0.137274 0.481788 0.023786 0.036509
0 0.188413 0.308773 0.033299 0.039684
0 0.235984 0.135757 0.026165 0.033334
0 0.149761 0.090518 0.039246 0.047619
0 0.045700 0.065915 0.021407 0.030157
0 0.332314 0.175440 0.030920 0.052381
0 0.534491 0.268296 0.033299 0.050794
0 0.393563 0.767503 0.032110 0.036507
0 0.742020 0.360359 0.027354 0.047619
0 0.929330 0.456392 0.023786 0.042859
0 0.975116 0.253217 0.024975 0.039684
0 0.860947 0.184170 0.027352 0.038097
0 0.256202 0.034170 0.026165 0.036509
0 0.143220 0.831788 0.033299 0.044446
