0 0.828836 0.080995 0.017839 0.031747
0 0.907329 0.134170 0.020218 0.023809
0 0.777103 0.337343 0.026165 0.036507
0 0.730127 0.502423 0.024973 0.036509
0 0.627255 0.834963 0.026165 0.038097
0 0.193764 0.690518 0.024975 0.031744
0 0.209224 0.811154 0.022597 0.031747
0 0.198522 0.956392 0.024975 0.033334
0 0.312692 0.968296 0.020218 0.031744
0 0.145599 0.724641 0.023786 0.033327
0 0.087325 0.773851 0.019028 0.026984
0 0.048673 0.811154 0.020218 0.019047
0 0.027861 0.814328 0.019028 0.019050
0 0.014185 0.818296 0.020218 0.030157
0 0.014779 0.780201 0.016650 0.026984
0 0.087325 0.648454 0.026165 0.033334
0 0.127166 0.548454 0.020218 0.033334
0 0.064728 0.413535 0.019028 0.026984
0 0.059376 0.311153 0.029733 0.038094
0 0.158681 0.207979 0.023786 0.031747
0 0.256201 0.154804 0.030920 0.026984
0 0.860352 0.706392 0.023784 0.031747
0 0.766399 0.161154 0.019028 0.033334
