0 0.360857 0.698454 0.016650 0.028572
0 0.353721 0.642106 0.019028 0.030157
0 0.344802 0.580995 0.022597 0.025397
0 0.322205 0.592106 0.015460 0.022224
0 0.253228 0.647661 0.017839 0.028572
0 0.187223 0.700042 0.019028 0.019047
0 0.124787 0.748454 0.017839 0.020634
0 0.013590 0.773057 0.016650 0.025397
0 0.071865 0.723851 0.019028 0.022222
0 0.131921 0.674645 0.015460 0.019047
0 0.196738 0.619089 0.014271 0.022222
0 0.266904 0.564329 0.016650 0.026984
0 0.334098 0.506392 0.015462 0.015872
0 0.406645 0.452423 0.017839 0.025397
0 0.478001 0.394486 0.015460 0.026984
0 0.548168 0.339724 0.020218 0.031744
0 0.617146 0.280201 0.015462 0.026984
0 0.865645 0.112740 0.029850 0.034919
0 0.923920 0.400835 0.029850 0.026984
0 0.972084 0.736551 0.021525 0.025397
0 0.848400 0.897661 0.019148 0.026984
0 0.828777 0.761154 0.022716 0.026984
0 0.520160 0.966709 0.026282 0.034919
0 0.332850 0.304010 0.017958 0.023809
0 0.291820 0.317503 0.014390 0.022224
0 0.248411 0.327820 0.020337 0.026984
0 0.204408 0.347661 0.017956 0.028572
0 0.107483 0.399248 0.016769 0.030159
0 0.537405 0.154804 0.015580 0.033334
0 0.386962 0.282582 0.021527 0.031747
0 0.204408 0.434170 0.017956 0.026984
0 0.040884 0.573059 0.023903 0.038094
0 0.070616 0.429407 0.019148 0.023809
0 0.033748 0.452423 0.014390 0.019047
0 0.105104 0.204804 0.016769 0.019047
0 0.065858 0.205598 0.026284 0.023809
0 0.304902 0.170676 0.019148 0.023809
0 0.347716 0.146073 0.019148 0.028572
0 0.523728 0.082582 0.021525 0.028572
0 0.926892 0.050042 0.016769 0.020634
0 0.897160 0.021470 0.023903 0.023809
