0 0.630169 0.707979 0.017958 0.019047
0 0.579624 0.712741 0.016767 0.019047
0 0.318638 0.764328 0.029731 0.042856
0 0.255607 0.918295 0.017839 0.023809
0 0.232416 0.961948 0.021407 0.025397
0 0.181872 0.934963 0.022597 0.028572
0 0.285339 0.497662 0.039246 0.039681
0 0.483887 0.284170 0.151157 0.028572
0 0.875753 0.354803 0.033419 0.049206
0 0.713418 0.374646 0.022714 0.047619
0 0.531458 0.396868 0.025095 0.047619
0 0.335228 0.423852 0.022714 0.050794
0 0.261493 0.156390 0.029850 0.049206
0 0.132457 0.112740 0.021525 0.038094
0 0.023638 0.065121 0.025095 0.034919
0 0.531458 0.153217 0.017958 0.026984
0 0.464265 0.164329 0.019148 0.023809
