0 0.466643 0.812662 0.023903 0.031906
0 0.458318 0.665042 0.026284 0.031903
0 0.339985 0.522184 0.020337 0.022381
0 0.340580 0.400757 0.026282 0.036666
0 0.184785 0.561074 0.021525 0.027144
0 0.222247 0.702343 0.022714 0.030319
0 0.268629 0.888851 0.017958 0.031903
0 0.224626 0.176154 0.034608 0.044603
0 0.578435 0.924566 0.023903 0.036666
0 0.882295 0.382503 0.025093 0.031906
0 0.978626 0.304724 0.027472 0.031906
0 0.883484 0.222979 0.022714 0.033491
0 0.978030 0.150756 0.021527 0.031906
0 0.778828 0.301550 0.027473 0.025556
0 0.414910 0.291232 0.025093 0.036666
