0 0.326963 0.161154 0.022597 0.033334
0 0.716450 0.912741 0.023786 0.031747
0 0.727748 0.196073 0.015462 0.033334
0 0.675420 0.379407 0.027352 0.034922
0 0.735478 0.520676 0.023786 0.028572
0 0.821701 0.628613 0.022595 0.031747
0 0.054560 0.556312 0.027472 0.023969
0 0.140782 0.256312 0.023905 0.023969
0 0.052835 0.203217 0.021405 0.019047
0 0.035591 0.060360 0.024973 0.025397
0 0.187223 0.097662 0.038057 0.046031
0 0.120029 0.044487 0.027354 0.034919
0 0.286527 0.032581 0.034491 0.049206
0 0.445295 0.080201 0.026163 0.033334
0 0.549357 0.237343 0.024975 0.036507
0 0.620118 0.115915 0.021407 0.031744
0 0.825268 0.066709 0.024975 0.034919
0 0.973332 0.165915 0.021407 0.036507
0 0.987010 0.430201 0.022597 0.034922
0 0.840729 0.812740 0.022595 0.038094
0 0.896030 0.938932 0.023784 0.026984
0 0.637364 0.763534 0.027352 0.038094
0 0.557682 0.611153 0.024973 0.038094
0 0.479785 0.468296 0.026165 0.034919
0 0.401293 0.316709 0.028544 0.042856
