0 0.239551 0.686550 0.026163 0.039681
0 0.059376 0.602424 0.029733 0.046031
0 0.375129 0.982561 0.035678 0.034879
0 0.432214 0.790518 0.033299 0.053969
0 0.835377 0.939724 0.033299 0.060319
0 0.636769 0.879407 0.035678 0.050791
0 0.326368 0.165915 0.023786 0.036507
0 0.149760 0.600835 0.017839 0.026984
0 0.394751 0.161946 0.024975 0.034919
0 0.907923 0.158771 0.021407 0.044444
0 0.922789 0.057185 0.020218 0.034922
0 0.943601 0.446074 0.026165 0.038094
0 0.188412 0.497661 0.019028 0.030159
0 0.105758 0.851629 0.036867 0.036509
0 0.225875 0.622264 0.027352 0.034922
0 0.169978 0.574645 0.020218 0.031747
