0 0.808664 0.536445 0.018631 0.023405
0 0.841545 0.557655 0.020824 0.027793
0 0.785099 0.554730 0.017536 0.024869
0 0.710022 0.564971 0.023017 0.039497
0 0.891414 0.661519 0.019729 0.033645
0 0.583977 0.302389 0.018633 0.032184
0 0.383404 0.321405 0.023017 0.029257
0 0.051308 0.244607 0.016441 0.048274
0 0.081448 0.130504 0.017536 0.027793
0 0.126933 0.123189 0.020824 0.027793
0 0.356635 0.061153 0.017956 0.046031
0 0.971490 0.163534 0.025093 0.031744
0 0.700705 0.812192 0.017536 0.021941
0 0.566990 0.747096 0.024112 0.026330
0 0.845381 0.957745 0.019727 0.020480
0 0.409708 0.667370 0.025208 0.030720
0 0.215163 0.546685 0.140292 0.026332
0 0.854697 0.584718 0.014250 0.023405
0 0.932515 0.547417 0.018633 0.024869
0 0.831681 0.457451 0.016441 0.026332
0 0.951696 0.944580 0.024112 0.023407
