0 0.630169 0.522265 0.025095 0.044444
0 0.536811 0.538137 0.023905 0.038094
0 0.616491 0.357979 0.019146 0.039684
0 0.520160 0.381788 0.028661 0.036509
0 0.595084 0.126232 0.026282 0.030159
0 0.495186 0.137343 0.028663 0.036507
0 0.879916 0.943693 0.022714 0.042856
0 0.388745 0.735756 0.041744 0.061906
0 0.263277 0.911153 0.033419 0.050794
0 0.177650 0.775439 0.023905 0.033334
0 0.156837 0.623057 0.017958 0.030159
0 0.147323 0.480201 0.020335 0.033334
0 0.128295 0.346073 0.022714 0.031747
0 0.118186 0.197661 0.023905 0.033334
0 0.111645 0.077026 0.020335 0.033334
0 0.104509 0.138137 0.027473 0.041269
0 0.223437 0.203217 0.039366 0.041271
0 0.243060 0.559566 0.035797 0.023809
