0 0.932243 0.764328 0.027472 0.042856
0 0.834723 0.779407 0.022716 0.031747
0 0.815695 0.693692 0.013201 0.022222
0 0.810937 0.624645 0.013201 0.023809
0 0.807964 0.561948 0.014390 0.022222
0 0.645034 0.697661 0.016769 0.030159
0 0.525512 0.650835 0.025093 0.031747
0 0.400638 0.602423 0.020337 0.020634
0 0.284090 0.551629 0.022714 0.033334
0 0.199057 0.621470 0.021527 0.023809
0 0.080129 0.682582 0.021527 0.028572
0 0.222247 0.906392 0.010824 0.019047
0 0.215112 0.946073 0.013201 0.019047
0 0.242465 0.971470 0.020335 0.022222
0 0.184785 0.315915 0.019146 0.028569
0 0.240682 0.273057 0.016769 0.019047
0 0.126511 0.161154 0.019148 0.030159
0 0.125322 0.101629 0.019148 0.031747
0 0.078939 0.009545 0.014390 0.019090
0 0.006200 0.248454 0.012400 0.036509
0 0.072994 0.896073 0.016769 0.030159
0 0.014720 0.569090 0.019148 0.039681
