0 0.653359 0.739646 0.021525 0.028731
0 0.648008 0.635677 0.025095 0.033493
0 0.612923 0.582503 0.026282 0.035081
0 0.554055 0.616629 0.022716 0.027141
0 0.504700 0.453138 0.031040 0.039841
0 0.442858 0.332503 0.026284 0.036668
0 0.410747 0.225360 0.028661 0.038253
0 0.509456 0.158693 0.021527 0.038256
0 0.541567 0.151550 0.026282 0.027144
0 0.592112 0.188851 0.017958 0.031903
0 0.572489 0.244407 0.021527 0.028729
0 0.594491 0.300757 0.020337 0.033491
0 0.611734 0.265835 0.028661 0.036666
0 0.643251 0.231709 0.029850 0.038256
0 0.630763 0.474565 0.021527 0.025556
0 0.724121 0.497582 0.017958 0.030316
0 0.794288 0.507899 0.022716 0.031906
0 0.796072 0.562662 0.021527 0.020794
0 0.869212 0.519804 0.022716 0.030316
0 0.922729 0.578534 0.022716 0.030319
0 0.981004 0.588851 0.022716 0.031903
0 0.966733 0.529328 0.022716 0.023969
0 0.938190 0.384090 0.022714 0.035081
0 0.899539 0.193613 0.021525 0.038253
0 0.205598 0.219804 0.017956 0.023966
0 0.196678 0.187265 0.016769 0.025556
0 0.190136 0.156312 0.020337 0.030319
0 0.227598 0.413456 0.016769 0.027144
0 0.212733 0.365043 0.020337 0.022381
0 0.202030 0.319803 0.020337 0.020794
0 0.190731 0.286471 0.021527 0.027144
0 0.184190 0.254724 0.020335 0.017619
0 0.173487 0.218217 0.015580 0.023966
0 0.162189 0.178528 0.016769 0.030306
0 0.152674 0.134090 0.019148 0.027144
0 0.168135 0.495201 0.026282 0.031903
0 0.075967 0.381709 0.027472 0.033493
0 0.246033 0.644407 0.036987 0.031903
0 0.246627 0.442027 0.016769 0.017619
0 0.254358 0.468217 0.017958 0.035078
0 0.257926 0.522979 0.020337 0.030316
0 0.267439 0.555518 0.017958 0.022381
0 0.631953 0.880121 0.021527 0.030319
0 0.277549 0.589645 0.016769 0.033491
0 0.290631 0.626153 0.026284 0.023969
0 0.303712 0.665043 0.021527 0.022381
0 0.114024 0.656312 0.025093 0.036668
0 0.145539 0.883296 0.023903 0.036668
0 0.301929 0.954724 0.029850 0.039843
0 0.529080 0.935677 0.022716 0.027144
0 0.550487 0.936471 0.020337 0.031906
0 0.564163 0.915837 0.019148 0.025556
0 0.524918 0.852343 0.026282 0.035081
0 0.677740 0.931709 0.025093 0.035081
0 0.661089 0.849962 0.017958 0.023969
0 0.643845 0.781709 0.021527 0.030319
0 0.626600 0.960281 0.020337 0.038256
