0 0.790720 0.362741 0.017958 0.026984
0 0.407179 0.984148 0.028661 0.031704
0 0.291225 0.926232 0.015580 0.030159
0 0.063479 0.777026 0.019148 0.036509
0 0.820452 0.950042 0.025093 0.033334
0 0.919161 0.934963 0.017958 0.031747
0 0.854941 0.842106 0.017958 0.020637
0 0.879916 0.794486 0.015578 0.026984
0 0.807369 0.816709 0.015580 0.023812
0 0.829371 0.742899 0.019148 0.028569
0 0.277549 0.573057 0.016769 0.022222
0 0.753258 0.399248 0.021527 0.026984
0 0.961382 0.362741 0.038176 0.030159
0 0.978626 0.630995 0.025093 0.036509
0 0.828183 0.252423 0.026282 0.038097
0 0.634925 0.139724 0.027472 0.044444
0 0.501133 0.247661 0.021527 0.031747
0 0.526106 0.171470 0.014390 0.031747
0 0.551081 0.147661 0.016769 0.028572
0 0.477941 0.162741 0.017958 0.023809
0 0.471400 0.123057 0.019148 0.030159
0 0.392313 0.163535 0.020335 0.028572
0 0.445237 0.040518 0.021527 0.039681
0 0.919757 0.039724 0.021525 0.034919
0 0.338796 0.571470 0.020335 0.025397
