0 0.539783 0.705518 0.025093 0.036668
0 0.516593 0.845201 0.021527 0.068415
0 0.180623 0.879328 0.020337 0.025556
0 0.059912 0.922184 0.023903 0.022381
0 0.229977 0.676154 0.023905 0.035078
0 0.186569 0.490439 0.017956 0.028729
0 0.155053 0.350756 0.021527 0.028731
0 0.308470 0.311868 0.019148 0.030319
0 0.304902 0.180915 0.026284 0.038256
0 0.383394 0.083296 0.031042 0.039843
0 0.740176 0.098376 0.026284 0.041428
0 0.846616 0.030121 0.017958 0.031906
0 0.943542 0.114249 0.023905 0.028731
0 0.848400 0.184090 0.026284 0.038256
0 0.425018 0.442026 0.026282 0.030316
0 0.731851 0.881709 0.023903 0.030319
0 0.470806 0.813456 0.027472 0.027144
0 0.427991 0.600756 0.022714 0.030319
