0 0.075967 0.482503 0.032229 0.041431
0 0.213922 0.542820 0.046500 0.060478
0 0.414910 0.422185 0.041744 0.054128
0 0.325119 0.180915 0.019148 0.035081
0 0.272792 0.265835 0.021527 0.033491
0 0.235330 0.954724 0.017958 0.030319
0 0.522539 0.530916 0.031040 0.046191
0 0.552271 0.679328 0.031042 0.025556
0 0.609356 0.626154 0.023905 0.033491
0 0.439884 0.917423 0.034606 0.041428
0 0.538594 0.860281 0.027472 0.035081
0 0.569515 0.828534 0.029852 0.025556
0 0.616491 0.853931 0.023903 0.031906
0 0.598652 0.912662 0.023903 0.028731
0 0.670009 0.891232 0.023903 0.027141
0 0.640277 0.929328 0.026282 0.030319
0 0.617681 0.957106 0.021525 0.031906
0 0.169325 0.766629 0.026282 0.031903
0 0.958408 0.122979 0.025093 0.036666
0 0.640871 0.615043 0.022716 0.027144
0 0.667631 0.590439 0.023905 0.028729
0 0.759799 0.540440 0.020337 0.027144
0 0.790720 0.518217 0.022716 0.027141
0 0.015119 0.930121 0.030239 0.035081
0 0.803207 0.502343 0.021525 0.030319
0 0.856130 0.483296 0.027472 0.030319
0 0.903701 0.626154 0.022716 0.033491
0 0.921541 0.834090 0.027472 0.033493
0 0.974463 0.473773 0.026282 0.033491
0 0.857320 0.211868 0.022716 0.030319
0 0.909648 0.173771 0.020337 0.027144
0 0.140782 0.637264 0.054826 0.052540
