0 0.401233 0.313535 0.014390 0.030159
0 0.098563 0.954010 0.017958 0.028572
0 0.117591 0.965123 0.017958 0.025397
0 0.074777 0.977820 0.017956 0.022222
0 0.160405 0.929407 0.015580 0.026984
0 0.259115 0.707979 0.025093 0.038097
0 0.165163 0.769090 0.020337 0.030157
0 0.144945 0.777820 0.020337 0.028572
0 0.106294 0.740518 0.021527 0.030157
0 0.119970 0.687345 0.020337 0.031747
0 0.102725 0.630995 0.019148 0.030159
0 0.083697 0.662741 0.019148 0.033334
0 0.061100 0.694486 0.019148 0.026984
0 0.225221 0.604010 0.019146 0.026984
0 0.168135 0.478613 0.016767 0.020634
0 0.124133 0.328613 0.019148 0.034922
0 0.058722 0.460360 0.016769 0.034922
0 0.085481 0.368296 0.020337 0.034919
0 0.052181 0.313535 0.020335 0.030159
0 0.052776 0.219884 0.026282 0.033332
0 0.061695 0.172264 0.020337 0.033334
0 0.053370 0.110359 0.022714 0.039681
0 0.067642 0.084170 0.020337 0.025397
0 0.045640 0.039724 0.021527 0.038094
0 0.088455 0.010339 0.021527 0.020677
0 0.183597 0.019089 0.019148 0.025397
0 0.161595 0.020676 0.013201 0.025397
0 0.146134 0.043693 0.013201 0.020637
0 0.390530 0.277026 0.016769 0.023809
0 0.410747 0.350756 0.019146 0.025556
0 0.422045 0.385677 0.017958 0.025556
0 0.433938 0.426946 0.017958 0.025556
0 0.436911 0.474565 0.016769 0.025556
0 0.444642 0.500756 0.013201 0.014444
0 0.466644 0.536471 0.016769 0.028731
0 0.478536 0.583296 0.016769 0.023969
0 0.494000 0.630907 0.021534 0.023964
0 0.504105 0.663456 0.020335 0.028731
0 0.513025 0.695993 0.016769 0.017619
0 0.523728 0.733296 0.021525 0.028731
0 0.538595 0.780915 0.020337 0.031906
0 0.552866 0.826154 0.022716 0.033491
0 0.457723 0.953931 0.020337 0.028731
0 0.448804 0.981788 0.023903 0.017460
0 0.464859 0.917423 0.025093 0.035078
0 0.472589 0.885677 0.023905 0.031906
0 0.473779 0.845995 0.031040 0.038253
0 0.491024 0.826154 0.025093 0.033491
0 0.483293 0.795995 0.023903 0.030316
0 0.473185 0.763454 0.027472 0.035078
0 0.461886 0.729328 0.023905 0.033493
0 0.451241 0.727820 0.023786 0.033334
0 0.866834 0.680915 0.027472 0.031906
0 0.737203 0.649170 0.022716 0.031903
0 0.613518 0.569010 0.027472 0.036666
0 0.507673 0.447582 0.020335 0.038253
0 0.426803 0.292026 0.017958 0.031903
0 0.580813 0.284090 0.019146 0.031906
0 0.824615 0.867423 0.028661 0.036666
0 0.546325 0.038057 0.023903 0.035078
0 0.920351 0.537264 0.034608 0.039841
0 0.804397 0.491232 0.021525 0.027141
0 0.831750 0.440439 0.023905 0.036666
0 0.841264 0.360281 0.031040 0.031906
0 0.797856 0.353137 0.022716 0.036668
0 0.762178 0.345201 0.025095 0.036666
0 0.898349 0.405518 0.026282 0.033493
0 0.937596 0.384090 0.026282 0.031906
0 0.974463 0.353931 0.028661 0.035081
