0 0.434532 0.815043 0.019148 0.027144
0 0.369717 0.842026 0.027472 0.036666
0 0.325715 0.976153 0.032229 0.028731
0 0.093211 0.716630 0.023903 0.023969
0 0.050992 0.557106 0.020337 0.035081
0 0.024233 0.442026 0.021527 0.027141
0 0.154459 0.292820 0.036987 0.030316
0 0.253763 0.354724 0.026284 0.033493
0 0.206787 0.280915 0.022714 0.028731
0 0.304902 0.162662 0.023905 0.027144
0 0.383989 0.243613 0.020337 0.030316
0 0.468427 0.147581 0.020335 0.025556
0 0.554055 0.054724 0.022716 0.030319
0 0.384583 0.626154 0.031042 0.043016
0 0.503510 0.692026 0.021525 0.035078
0 0.536811 0.730915 0.019148 0.027144
0 0.655738 0.616629 0.019146 0.030316
0 0.735419 0.518217 0.023905 0.033491
0 0.828183 0.415835 0.023903 0.031903
0 0.915594 0.313454 0.022714 0.033491
0 0.850184 0.248376 0.022716 0.036666
0 0.683686 0.472978 0.020337 0.022381
0 0.565353 0.359487 0.026282 0.027144
0 0.738987 0.149963 0.035795 0.046191
0 0.187759 0.633296 0.025093 0.028731
0 0.056344 0.321392 0.028661 0.030316
