0 0.642062 0.744487 0.029850 0.047619
0 0.545730 0.757185 0.029850 0.031747
0 0.628979 0.579407 0.022716 0.041271
0 0.529080 0.604010 0.027472 0.042859
0 0.608167 0.337345 0.031042 0.033334
0 0.506484 0.355598 0.025093 0.041271
0 0.255546 0.781788 0.034608 0.042859
0 0.170514 0.836550 0.023903 0.041269
0 0.158621 0.691312 0.019148 0.033332
0 0.137214 0.557185 0.026284 0.031747
0 0.122348 0.404010 0.017958 0.033334
0 0.116402 0.275439 0.020337 0.026984
0 0.227005 0.423851 0.036987 0.031747
0 0.109861 0.357979 0.038176 0.039684
0 0.097969 0.047662 0.031040 0.044444
0 0.207976 0.089724 0.039366 0.030157
0 0.407775 0.093692 0.022716 0.028572
0 0.403612 0.043693 0.016769 0.020637
0 0.399450 0.948456 0.036987 0.046031
