0 0.415505 0.300042 0.026282 0.031747
0 0.414315 0.251629 0.021525 0.030159
0 0.576056 0.124645 0.026282 0.071428
0 0.838350 0.080995 0.029731 0.063491
0 0.097969 0.250835 0.026282 0.034922
0 0.122348 0.577820 0.034608 0.034922
0 0.636709 0.800042 0.026282 0.028572
0 0.649196 0.955598 0.027472 0.031747
0 0.540973 0.814328 0.025093 0.034919
0 0.617681 0.556392 0.021525 0.030159
0 0.518377 0.571470 0.022716 0.031747
0 0.237707 0.652423 0.036987 0.031747
0 0.177650 0.900835 0.035795 0.039684
0 0.148512 0.773851 0.027472 0.030159
0 0.131863 0.618296 0.025093 0.036507
0 0.122942 0.489724 0.031040 0.033332
0 0.210355 0.307979 0.036987 0.028572
0 0.334634 0.175440 0.026282 0.052381
