0 0.188412 0.916709 0.021407 0.036507
0 0.080188 0.861946 0.026165 0.041269
0 0.054025 0.311948 0.021405 0.033334
0 0.044510 0.148454 0.028544 0.033334
0 0.141437 0.228613 0.027354 0.031747
0 0.115272 0.304804 0.024975 0.038097
0 0.143815 0.411154 0.024975 0.028572
0 0.172357 0.500835 0.020218 0.030159
0 0.200900 0.596868 0.024973 0.038094
0 0.227658 0.688932 0.019028 0.025397
0 0.256796 0.769884 0.020218 0.031744
0 0.297231 0.877820 0.027352 0.031747
0 0.432808 0.760360 0.022597 0.031747
0 0.862136 0.372264 0.027352 0.033334
0 0.219334 0.044489 0.021407 0.031749
0 0.138463 0.058773 0.021407 0.028572
0 0.279987 0.970676 0.030920 0.030159
