0 0.215706 0.745200 0.012011 0.020794
0 0.813316 0.287265 0.017958 0.022381
0 0.771691 0.077740 0.017958 0.028731
0 0.567731 0.824566 0.019148 0.030316
0 0.779422 0.860281 0.028663 0.054125
0 0.959003 0.778535 0.033419 0.049366
0 0.515403 0.961946 0.026284 0.050794
0 0.491617 0.222979 0.019148 0.033491
0 0.435722 0.242820 0.021527 0.028729
0 0.420856 0.161868 0.015580 0.025556
0 0.405396 0.081709 0.017958 0.027144
0 0.392313 0.011926 0.020335 0.023852
0 0.234140 0.833296 0.015580 0.022381
0 0.223437 0.783296 0.013203 0.020794
0 0.208570 0.711868 0.014390 0.020794
0 0.219869 0.629328 0.010822 0.023969
0 0.212733 0.593615 0.010822 0.019206
0 0.202030 0.522184 0.013201 0.022381
0 0.191326 0.477740 0.008443 0.022381
0 0.187758 0.427740 0.013201 0.020794
0 0.015908 0.484090 0.026282 0.025556
0 0.017098 0.321392 0.021525 0.030316
0 0.851968 0.503137 0.016769 0.025556
