0 0.499348 0.436471 0.020337 0.035081
0 0.743150 0.303137 0.020337 0.022381
0 0.459508 0.244407 0.019148 0.025554
0 0.470806 0.973773 0.022714 0.030316
0 0.352473 0.746788 0.021525 0.039841
0 0.370907 0.615042 0.020337 0.033491
0 0.244249 0.469010 0.026282 0.033491
0 0.260899 0.320598 0.021525 0.038253
0 0.145539 0.211868 0.028661 0.027144
0 0.171703 0.065042 0.019148 0.041428
0 0.234735 0.116629 0.019148 0.027141
0 0.935813 0.335677 0.015580 0.023969
0 0.986356 0.663456 0.019148 0.025556
0 0.841860 0.369010 0.015580 0.023966
0 0.526701 0.048375 0.015580 0.023969
0 0.534432 0.586471 0.016769 0.023969
