0 0.489239 0.504010 0.014390 0.039684
0 0.478536 0.304804 0.021527 0.041271
0 0.755637 0.259566 0.028661 0.033334
0 0.978626 0.215915 0.032229 0.034919
0 0.884672 0.070676 0.015580 0.017460
0 0.890619 0.114329 0.015580 0.022222
0 0.898349 0.167503 0.016767 0.026982
0 0.265062 0.346073 0.022714 0.031747
0 0.077750 0.382582 0.021527 0.031747
0 0.206191 0.065915 0.014390 0.026982
0 0.107483 0.563535 0.016769 0.031747
0 0.513619 0.789724 0.013201 0.030157
0 0.602220 0.967503 0.016769 0.020637
0 0.628979 0.165123 0.020337 0.025397
