0 0.051587 0.443693 0.016769 0.033332
0 0.161000 0.482582 0.019148 0.031747
0 0.282306 0.521470 0.019146 0.030159
0 0.400044 0.560360 0.019148 0.025397
0 0.483888 0.482582 0.020337 0.028572
0 0.614707 0.406392 0.022714 0.034922
0 0.752664 0.279407 0.027472 0.028572
0 0.699741 0.518295 0.019148 0.026984
0 0.721742 0.686551 0.020337 0.026984
0 0.730067 0.848454 0.025093 0.030159
0 0.587949 0.950835 0.019148 0.025397
0 0.916188 0.962740 0.026282 0.039681
0 0.983977 0.820676 0.014390 0.025397
0 0.960191 0.845279 0.016769 0.026984
0 0.851968 0.626232 0.031042 0.039684
0 0.916783 0.359565 0.020335 0.039681
0 0.857320 0.277820 0.020337 0.028572
0 0.974463 0.194486 0.012013 0.023809
0 0.308470 0.068295 0.019148 0.025397
0 0.497564 0.232582 0.019148 0.023809
0 0.471994 0.221470 0.013201 0.020634
0 0.086670 0.138931 0.017958 0.033332
