0 0.122943 0.340519 0.016769 0.026984
0 0.129485 0.486551 0.013201 0.033334
0 0.620654 0.680201 0.022714 0.036509
0 0.251384 0.754804 0.038174 0.049209
0 0.453562 0.634168 0.038176 0.055556
0 0.529080 0.536550 0.025093 0.041269
0 0.533837 0.391312 0.015580 0.030157
0 0.521350 0.343692 0.016769 0.026984
0 0.505889 0.294486 0.019146 0.026984
0 0.495780 0.263535 0.020337 0.028572
0 0.486267 0.228613 0.015580 0.025397
0 0.477347 0.194486 0.016769 0.026984
0 0.461886 0.149248 0.019148 0.025397
0 0.450588 0.102423 0.017956 0.023809
0 0.422640 0.043692 0.014390 0.023809
0 0.428586 0.069882 0.019146 0.022222
0 0.837101 0.714329 0.032229 0.028572
0 0.810344 0.423851 0.031040 0.034922
0 0.847211 0.241312 0.026282 0.038094
0 0.718769 0.204010 0.023905 0.042859
0 0.598652 0.120677 0.023903 0.038094
0 0.235924 0.250042 0.021527 0.030159
0 0.208570 0.141312 0.016769 0.034919
0 0.156242 0.032582 0.021527 0.030159
0 0.141377 0.312741 0.013201 0.025397
0 0.084292 0.538932 0.017958 0.023809
0 0.065263 0.546867 0.015580 0.023809
0 0.033748 0.565123 0.016769 0.028572
0 0.376258 0.619090 0.019148 0.034919
0 0.392908 0.588138 0.014392 0.030159
0 0.412531 0.558773 0.017956 0.028572
0 0.425614 0.527026 0.022716 0.034922
0 0.437506 0.492106 0.022716 0.028569
0 0.445237 0.458773 0.021527 0.031747
0 0.451777 0.421470 0.022714 0.030159
0 0.453562 0.381788 0.023903 0.030159
0 0.469021 0.357185 0.016769 0.031747
0 0.461292 0.323057 0.020337 0.033334
0 0.451183 0.288931 0.019146 0.034919
0 0.430965 0.255598 0.035797 0.044446
0 0.102725 0.252423 0.014390 0.022222
0 0.085481 0.309566 0.017958 0.028572
0 0.041477 0.267501 0.013201 0.023809
0 0.067642 0.237345 0.015580 0.020634
0 0.084886 0.207185 0.014390 0.026984
0 0.055154 0.028613 0.021525 0.022222
0 0.922729 0.869882 0.020337 0.025397
0 0.781206 0.084963 0.022716 0.036509
0 0.808560 0.042106 0.022714 0.030157
0 0.870996 0.017503 0.023905 0.028569
