0 0.673577 0.208773 0.023903 0.039684
0 0.743150 0.161153 0.020337 0.036507
0 0.810937 0.114328 0.022716 0.034919
0 0.873969 0.074645 0.027472 0.034922
0 0.932839 0.035757 0.021527 0.036509
0 0.930460 0.101629 0.019148 0.028572
0 0.938189 0.165916 0.015580 0.023809
0 0.947110 0.220676 0.019148 0.028572
0 0.912621 0.113535 0.019148 0.030159
0 0.276360 0.128613 0.016769 0.028572
0 0.177650 0.219089 0.016769 0.025397
0 0.206787 0.169090 0.017956 0.030157
0 0.216896 0.092898 0.016769 0.023809
0 0.174676 0.088931 0.017958 0.019050
0 0.137809 0.083376 0.017958 0.026984
0 0.071804 0.359566 0.028661 0.036509
0 0.469616 0.170677 0.020335 0.042856
0 0.656927 0.046073 0.023903 0.031747
0 0.263872 0.246868 0.025093 0.036507
0 0.851968 0.484170 0.016769 0.028572
0 0.843642 0.667503 0.016769 0.026982
0 0.917973 0.518295 0.020335 0.023809
0 0.864455 0.142106 0.020337 0.026982
0 0.800235 0.187345 0.017958 0.031747
0 0.728878 0.232582 0.020335 0.026984
0 0.406585 0.057979 0.017958 0.026984
0 0.365555 0.083376 0.016769 0.030159
0 0.320362 0.106392 0.019148 0.025397
0 0.176460 0.852423 0.031042 0.044446
0 0.025423 0.817503 0.033419 0.044444
0 0.147323 0.570676 0.034608 0.030159
0 0.195489 0.388137 0.028663 0.036507
0 0.453562 0.363534 0.026282 0.034919
0 0.527891 0.307979 0.025093 0.041271
0 0.596868 0.262740 0.027472 0.042856
