0 0.777698 0.154804 0.017839 0.023809
0 0.399509 0.147661 0.017839 0.034922
0 0.632011 0.062741 0.011894 0.026984
0 0.111110 0.030995 0.023784 0.036509
0 0.487514 0.200042 0.022597 0.034922
0 0.737262 0.145279 0.015460 0.023809
0 0.632607 0.231788 0.017839 0.038097
0 0.505889 0.230121 0.016767 0.022381
0 0.526107 0.223771 0.021525 0.028731
0 0.408964 0.054724 0.020337 0.030319
0 0.847270 0.165123 0.016650 0.025397
0 0.631418 0.146073 0.017839 0.028572
0 0.512490 0.889724 0.024975 0.036507
0 0.579684 0.723057 0.023784 0.036509
0 0.700395 0.869884 0.029733 0.041269
0 0.803267 0.885757 0.023784 0.025397
0 0.841919 0.687343 0.024973 0.034919
0 0.933493 0.177820 0.017839 0.025397
0 0.758075 0.661946 0.026165 0.041269
0 0.645094 0.557978 0.030922 0.046031
0 0.719423 0.464328 0.029733 0.036507
0 0.882354 0.369884 0.034489 0.034919
0 0.874624 0.261946 0.023786 0.034919
0 0.935277 0.517503 0.021405 0.057144
0 0.632011 0.358771 0.028542 0.047619
0 0.492866 0.384963 0.026165 0.036509
0 0.240146 0.221471 0.022595 0.036507
0 0.241930 0.409566 0.028542 0.031747
0 0.108136 0.365121 0.024973 0.028569
0 0.255012 0.064328 0.023786 0.033332
0 0.482759 0.094486 0.015460 0.026984
0 0.505948 0.093692 0.014271 0.025397
0 0.519031 0.062741 0.016650 0.023809
0 0.582062 0.094487 0.019028 0.046031
