0 0.141437 0.200042 0.022597 0.025397
0 0.249065 0.560360 0.019028 0.028572
0 0.222902 0.930995 0.023784 0.030159
0 0.267499 0.772264 0.024975 0.033334
0 0.175330 0.712741 0.023786 0.031747
0 0.061755 0.660360 0.020218 0.031747
0 0.372155 0.848456 0.027352 0.039681
0 0.566007 0.942106 0.027354 0.039681
0 0.887705 0.815121 0.026165 0.036507
0 0.990235 0.857185 0.019530 0.041271
0 0.846675 0.150042 0.027354 0.026984
0 0.424484 0.547661 0.022597 0.031747
0 0.287717 0.665916 0.024975 0.026984
0 0.221712 0.474645 0.023784 0.038097
0 0.193170 0.384963 0.021407 0.033334
0 0.165223 0.290519 0.020218 0.025397
0 0.115272 0.104010 0.022597 0.030159
0 0.054619 0.116709 0.024973 0.026982
0 0.139652 0.030201 0.030922 0.034922
