0 0.202684 0.596074 0.030920 0.036507
0 0.416753 0.538931 0.021407 0.033332
0 0.816944 0.539726 0.017839 0.028572
0 0.828836 0.613535 0.017839 0.020634
0 0.615362 0.484170 0.023784 0.038097
0 0.205063 0.406392 0.023784 0.038097
0 0.161654 0.853217 0.015460 0.030159
0 0.513084 0.827820 0.019028 0.033334
0 0.888300 0.398454 0.024975 0.031747
0 0.733099 0.262740 0.026165 0.036507
0 0.818728 0.204010 0.016650 0.026984
0 0.098027 0.747661 0.016650 0.022222
0 0.796726 0.069882 0.015460 0.025397
0 0.966793 0.043692 0.017839 0.023809
0 0.588009 0.304804 0.019028 0.028572
