0 0.481568 0.630993 0.027352 0.052381
0 0.278203 0.814328 0.034489 0.044444
0 0.236579 0.938138 0.027354 0.031747
0 0.143815 0.668296 0.022597 0.022224
0 0.020724 0.723057 0.021407 0.030159
0 0.039159 0.897661 0.036867 0.033334
0 0.504759 0.482582 0.023784 0.031747
0 0.698551 0.669010 0.019148 0.036666
0 0.391184 0.223057 0.024973 0.030159
0 0.200900 0.467503 0.027352 0.033332
0 0.164033 0.285756 0.022597 0.038094
0 0.133111 0.143693 0.020218 0.030157
0 0.283555 0.103217 0.030920 0.034922
0 0.436316 0.604724 0.022716 0.025556
0 0.398854 0.388059 0.021527 0.030319
