0 0.213387 0.376232 0.030922 0.041271
0 0.094459 0.262740 0.023786 0.033332
0 0.156897 0.063534 0.022597 0.034919
0 0.378101 0.181788 0.027354 0.033334
0 0.423889 0.199249 0.021407 0.042856
0 0.449458 0.051629 0.024973 0.039684
0 0.638552 0.227820 0.022597 0.036509
0 0.750938 0.854804 0.026165 0.036509
0 0.641526 0.711948 0.014271 0.020634
0 0.646878 0.747661 0.013081 0.019047
0 0.654013 0.783376 0.013083 0.023809
0 0.558277 0.910360 0.014273 0.023809
0 0.548762 0.864329 0.011892 0.020634
0 0.541627 0.819090 0.014273 0.019050
0 0.527355 0.749248 0.011892 0.019047
0 0.520814 0.712741 0.010705 0.019047
0 0.505354 0.503217 0.013083 0.025397
0 0.514868 0.558773 0.008324 0.025397
0 0.523193 0.598454 0.010705 0.022222
