0 0.462866 0.751484 0.026305 0.038033
0 0.336823 0.869975 0.017536 0.055586
0 0.113781 0.899232 0.027400 0.055586
0 0.274897 0.739050 0.014248 0.024869
0 0.283117 0.784398 0.013152 0.027796
0 0.448070 0.400401 0.020826 0.035109
0 0.567538 0.477931 0.025208 0.026332
0 0.559866 0.272400 0.018633 0.027793
0 0.537397 0.139281 0.017536 0.027793
0 0.186667 0.465497 0.019727 0.030720
0 0.091860 0.479393 0.018633 0.023407
0 0.083093 0.248263 0.018633 0.032184
0 0.169678 0.230709 0.018633 0.026332
0 0.163102 0.078573 0.016439 0.032181
0 0.420670 0.046390 0.027400 0.038033
0 0.602062 0.817312 0.026305 0.026332
