0 0.679523 0.542106 0.023905 0.039681
0 0.636709 0.531788 0.019146 0.031747
0 0.591517 0.519884 0.021527 0.033332
0 0.376258 0.529407 0.016769 0.033334
0 0.331661 0.552423 0.020337 0.038097
0 0.142566 0.577820 0.020337 0.038097
0 0.135430 0.509566 0.015580 0.038097
0 0.019476 0.649249 0.021525 0.041269
0 0.282306 0.387343 0.019146 0.034919
0 0.474968 0.254010 0.021527 0.041271
0 0.535027 0.207185 0.017958 0.039684
0 0.660495 0.129407 0.026282 0.039684
0 0.838886 0.017503 0.021527 0.028569
0 0.964949 0.135757 0.021527 0.026984
0 0.924513 0.156392 0.016769 0.030159
0 0.888835 0.174645 0.019148 0.031747
0 0.766341 0.230995 0.016769 0.030159
0 0.724716 0.254010 0.023905 0.038097
0 0.682496 0.273851 0.017958 0.033334
0 0.641466 0.292898 0.014390 0.026984
0 0.595084 0.316709 0.023903 0.030157
0 0.484483 0.364328 0.014390 0.030157
0 0.442858 0.371471 0.016769 0.034919
0 0.395881 0.382582 0.017958 0.025397
0 0.354851 0.388138 0.019146 0.023809
0 0.570110 0.032582 0.016769 0.026984
0 0.495780 0.080995 0.020337 0.028572
0 0.424424 0.129407 0.017958 0.030159
0 0.349500 0.180995 0.020337 0.034922
0 0.279332 0.230995 0.017956 0.026984
0 0.209759 0.280201 0.016769 0.026984
0 0.141972 0.332582 0.014390 0.030159
0 0.081318 0.385757 0.019148 0.028572
0 0.359014 0.119884 0.022714 0.033332
0 0.351879 0.063534 0.020337 0.031744
0 0.347716 0.012720 0.016769 0.025440
0 0.439884 0.054804 0.015580 0.026984
0 0.513619 0.011132 0.020337 0.022265
0 0.027801 0.810360 0.016769 0.033334
0 0.312038 0.968296 0.019148 0.028569
