0 0.712883 0.670677 0.028542 0.036507
0 0.618335 0.739724 0.024973 0.034919
0 0.510111 0.818296 0.029733 0.033332
0 0.403670 0.895281 0.035678 0.034919
0 0.160822 0.363057 0.030920 0.033334
0 0.034402 0.353217 0.015462 0.030159
0 0.946575 0.530995 0.027354 0.026984
0 0.031429 0.184170 0.021407 0.028572
0 0.165222 0.099248 0.022595 0.030159
0 0.863326 0.015915 0.027352 0.031744
0 0.872245 0.646867 0.019028 0.020634
0 0.675955 0.815042 0.023903 0.036666
0 0.472589 0.981709 0.023905 0.030319
0 0.882948 0.410360 0.023786 0.033334
0 0.846080 0.589724 0.026165 0.030157
0 0.325774 0.274645 0.022597 0.031747
0 0.197273 0.856312 0.020337 0.023969
0 0.072458 0.469089 0.020216 0.026984
0 0.281175 0.038138 0.019028 0.031747
0 0.783049 0.960281 0.023784 0.035081
0 0.436376 0.219884 0.027354 0.039681
0 0.986951 0.749170 0.025095 0.047778
0 0.092676 0.647661 0.022595 0.028572
0 0.090298 0.019089 0.020218 0.028572
0 0.008579 0.197582 0.017157 0.030316
0 0.921005 0.390518 0.023786 0.031744
