0 0.956080 0.559851 0.013152 0.020480
0 0.941831 0.591302 0.017538 0.024869
0 0.928132 0.620559 0.014248 0.021941
0 0.917719 0.652741 0.008767 0.021944
0 0.908403 0.690044 0.018633 0.026332
0 0.903471 0.723691 0.017536 0.029257
0 0.899086 0.758798 0.015343 0.029259
0 0.881550 0.784398 0.017536 0.027796
0 0.889222 0.816581 0.024114 0.030720
0 0.895798 0.844374 0.019729 0.027793
0 0.898538 0.877289 0.016439 0.026332
0 0.910595 0.880947 0.018633 0.021944
0 0.907306 0.513040 0.023017 0.026332
0 0.626174 0.931414 0.015345 0.043885
0 0.495200 0.898500 0.023017 0.027793
0 0.251332 0.881678 0.019729 0.029257
0 0.184474 0.924832 0.019729 0.027793
0 0.121454 0.962135 0.014248 0.023405
0 0.066103 0.989113 0.017536 0.021775
0 0.545069 0.711987 0.024112 0.046810
0 0.713857 0.446479 0.026305 0.042422
0 0.521504 0.423806 0.025208 0.032181
0 0.497939 0.121726 0.024114 0.030718
0 0.399845 0.236561 0.012057 0.023405
0 0.100629 0.055899 0.027402 0.039497
0 0.973616 0.532788 0.021920 0.036572
