0 0.566441 0.712717 0.020826 0.033645
0 0.174610 0.652741 0.015345 0.033648
0 0.427794 0.499142 0.024114 0.030720
0 0.583978 0.986919 0.020824 0.026163
0 0.542877 0.423806 0.021920 0.035109
0 0.087476 0.665907 0.023017 0.033645
0 0.200367 0.883140 0.018633 0.029257
0 0.110492 0.884603 0.018633 0.023407
0 0.921555 0.228514 0.016439 0.024869
0 0.867301 0.246800 0.021920 0.029257
0 0.857986 0.206572 0.014248 0.024869
0 0.850313 0.167806 0.016441 0.029257
0 0.445330 0.857540 0.030689 0.036572
0 0.529176 0.271670 0.016439 0.023405
0 0.424506 0.131967 0.021920 0.033645
0 0.548357 0.574479 0.019729 0.026330
0 0.839352 0.133429 0.016439 0.021944
0 0.286954 0.311167 0.036169 0.052662
0 0.160362 0.499874 0.021920 0.029257
0 0.077612 0.509382 0.027402 0.027793
