0 0.903702 0.722185 0.027472 0.047778
0 0.743149 0.926154 0.034608 0.043016
0 0.661685 0.966629 0.033419 0.047778
0 0.664657 0.688057 0.022716 0.039841
0 0.659901 0.826948 0.025093 0.035078
0 0.524918 0.830121 0.031040 0.031906
0 0.554650 0.671392 0.028663 0.038253
0 0.535027 0.661074 0.022716 0.036668
0 0.518376 0.633296 0.027472 0.035081
0 0.613519 0.526154 0.020337 0.036666
0 0.645034 0.515042 0.021527 0.030316
0 0.616491 0.419010 0.021525 0.028729
0 0.663468 0.576154 0.020337 0.035078
0 0.662278 0.491232 0.025095 0.033491
0 0.646818 0.408693 0.022716 0.033493
0 0.630763 0.340439 0.023905 0.036666
0 0.634330 0.288057 0.026282 0.033491
0 0.629574 0.188057 0.021527 0.033491
0 0.590921 0.127740 0.032229 0.033493
0 0.530864 0.150756 0.021527 0.031906
0 0.533242 0.513456 0.016769 0.030319
0 0.548108 0.484884 0.020337 0.020794
0 0.513619 0.509487 0.013201 0.025556
0 0.436316 0.472185 0.022716 0.027141
0 0.511241 0.414249 0.027472 0.025556
0 0.422640 0.417423 0.026284 0.028729
0 0.277548 0.497582 0.023903 0.039841
0 0.231167 0.199962 0.026284 0.025556
0 0.159811 0.065042 0.023905 0.031903
0 0.274575 0.848376 0.029850 0.036666
0 0.138403 0.792820 0.028663 0.030316
0 0.275170 0.659487 0.028661 0.033493
0 0.120564 0.445995 0.028663 0.038253
0 0.094995 0.219804 0.022714 0.043016
0 0.883483 0.593613 0.017958 0.028729
0 0.815100 0.580121 0.021527 0.030319
0 0.772881 0.573773 0.022716 0.030316
0 0.958407 0.159487 0.017958 0.023969
0 0.951866 0.120597 0.021525 0.022381
0 0.940568 0.103931 0.020337 0.033493
0 0.901917 0.144407 0.019148 0.028729
0 0.772287 0.122184 0.026282 0.025556
0 0.844238 0.082503 0.020335 0.025556
0 0.768719 0.058693 0.026282 0.031906
0 0.701525 0.045995 0.022716 0.025554
0 0.608167 0.022184 0.021527 0.022381
0 0.339390 0.207106 0.016769 0.020794
0 0.939974 0.962662 0.033419 0.058888
0 0.285278 0.234884 0.015580 0.022381
0 0.276360 0.203137 0.014390 0.019206
0 0.265655 0.169804 0.012011 0.022379
0 0.256142 0.134090 0.016769 0.023969
0 0.245438 0.100756 0.014390 0.023969
0 0.246032 0.057899 0.017958 0.020794
0 0.238303 0.034090 0.016769 0.027144
0 0.904296 0.821392 0.028661 0.033491
