0 0.285338 0.930201 0.022597 0.028572
0 0.048079 0.935757 0.028544 0.036509
0 0.041537 0.782582 0.020218 0.031747
0 0.062944 0.275439 0.022597 0.033334
0 0.136084 0.101630 0.026165 0.047619
0 0.286527 0.793693 0.029733 0.044444
0 0.349560 0.092899 0.024975 0.036507
0 0.482758 0.153217 0.027352 0.039684
0 0.605848 0.211946 0.030922 0.036507
0 0.699800 0.327026 0.033301 0.041271
0 0.884137 0.576232 0.028544 0.031747
0 0.967387 0.687345 0.026165 0.028572
0 0.959656 0.943693 0.024975 0.033332
0 0.441728 0.043693 0.021407 0.030157
