0 0.732446 0.876232 0.020335 0.028572
0 0.618869 0.681788 0.016769 0.033334
0 0.807370 0.539724 0.022714 0.031744
0 0.907269 0.532582 0.025095 0.030159
0 0.804397 0.320676 0.019146 0.025397
0 0.834723 0.328613 0.022716 0.028572
0 0.859697 0.384961 0.017955 0.023814
0 0.838292 0.425439 0.020337 0.022222
0 0.791314 0.396073 0.016769 0.033334
0 0.507079 0.630201 0.019146 0.031747
0 0.377448 0.579407 0.023903 0.034922
0 0.263277 0.509566 0.019146 0.028572
0 0.033748 0.372264 0.016769 0.030159
0 0.423235 0.097661 0.015580 0.020634
0 0.460102 0.844486 0.020337 0.028572
0 0.529080 0.963535 0.020337 0.028572
0 0.369718 0.933376 0.020337 0.038097
0 0.538000 0.766709 0.021527 0.034919
0 0.579029 0.765915 0.017956 0.020637
0 0.697362 0.609566 0.023905 0.025397
0 0.799045 0.810360 0.022716 0.036509
