0 0.464919 0.833376 0.022595 0.038097
0 0.673636 0.778613 0.023784 0.036509
0 0.260958 0.888931 0.030920 0.038094
0 0.464324 0.472264 0.011894 0.017460
0 0.516058 0.054010 0.015460 0.019047
0 0.488704 0.064329 0.015460 0.020634
0 0.434592 0.079407 0.019028 0.019047
0 0.381075 0.092899 0.009513 0.017462
0 0.353127 0.103217 0.015462 0.015872
0 0.325179 0.108773 0.014271 0.017460
0 0.267499 0.127026 0.015460 0.019047
0 0.202089 0.145279 0.013083 0.020634
0 0.194954 0.068295 0.015460 0.025397
0 0.572548 0.129407 0.021407 0.030159
0 0.651635 0.107979 0.015460 0.022222
