0 0.888241 0.324645 0.034608 0.036509
0 0.936406 0.615915 0.031040 0.031744
0 0.969705 0.921471 0.026282 0.036507
0 0.836508 0.958773 0.026284 0.028572
0 0.380420 0.897662 0.022716 0.036507
0 0.372690 0.840518 0.023903 0.036507
0 0.364366 0.784170 0.021527 0.038097
0 0.344148 0.800835 0.019148 0.033334
0 0.276360 0.849248 0.019148 0.025397
0 0.210949 0.900042 0.023905 0.034922
0 0.150890 0.942898 0.017958 0.025397
0 0.042667 0.958773 0.020337 0.025397
0 0.096778 0.917503 0.014390 0.022224
0 0.156837 0.873057 0.022716 0.028572
0 0.218085 0.824645 0.021527 0.026984
0 0.284090 0.776232 0.022714 0.028572
0 0.354851 0.719089 0.021525 0.028572
0 0.423235 0.666709 0.022716 0.034919
0 0.495780 0.610360 0.022716 0.033334
0 0.566542 0.551629 0.021527 0.033334
0 0.636709 0.492106 0.019146 0.034919
0 0.985761 0.372264 0.020337 0.026984
0 0.953056 0.235757 0.019146 0.026984
0 0.922730 0.217503 0.027472 0.031744
0 0.960191 0.015100 0.023905 0.030200
0 0.685470 0.204804 0.021527 0.028572
0 0.665252 0.038932 0.021527 0.030159
0 0.556434 0.367503 0.015580 0.033332
0 0.538000 0.296867 0.019148 0.025397
0 0.432153 0.096073 0.014390 0.020634
0 0.377447 0.143693 0.012011 0.030157
0 0.392908 0.186551 0.016767 0.020634
0 0.364366 0.346867 0.019148 0.023809
0 0.320956 0.373057 0.017958 0.028572
0 0.403612 0.500042 0.019148 0.028572
0 0.222842 0.646867 0.019146 0.030159
0 0.061695 0.777820 0.020337 0.031747
0 0.348311 0.514329 0.015580 0.028572
0 0.309659 0.523057 0.019148 0.026984
0 0.263277 0.535757 0.019146 0.023809
0 0.219869 0.551629 0.017958 0.026984
0 0.121159 0.602423 0.015580 0.030159
0 0.084886 0.627820 0.019148 0.033334
0 0.049803 0.650042 0.020337 0.026984
0 0.014720 0.673057 0.014390 0.025397
0 0.116996 0.403217 0.021527 0.028572
0 0.077751 0.398454 0.023903 0.031747
