0 0.175866 0.025439 0.017958 0.025397
0 0.135431 0.349248 0.027472 0.038097
0 0.162189 0.632582 0.023905 0.030159
0 0.201436 0.921471 0.021527 0.039681
0 0.011746 0.616709 0.022716 0.046031
0 0.717580 0.032582 0.023905 0.030159
0 0.586165 0.049248 0.025095 0.028572
0 0.518377 0.097661 0.022716 0.030159
0 0.444641 0.150042 0.025093 0.030159
0 0.191920 0.170677 0.023905 0.036507
0 0.857320 0.731788 0.020337 0.034922
0 0.884079 0.934963 0.028661 0.031747
0 0.071209 0.150837 0.022714 0.044444
0 0.659900 0.007958 0.020337 0.015915
