0 0.636115 0.684963 0.020335 0.033334
0 0.687848 0.645279 0.019148 0.023809
0 0.608761 0.637345 0.020337 0.030159
0 0.532053 0.565916 0.016769 0.026984
0 0.467238 0.289726 0.020335 0.026984
0 0.426208 0.165121 0.016769 0.034919
0 0.339985 0.327820 0.013201 0.026984
0 0.296577 0.396073 0.023903 0.030159
0 0.329877 0.499248 0.014390 0.023809
0 0.125322 0.644486 0.019148 0.028572
0 0.040288 0.696867 0.017958 0.031747
0 0.949489 0.589724 0.023905 0.030157
0 0.643842 0.575444 0.021521 0.026974
0 0.692605 0.620676 0.019146 0.022222
0 0.937596 0.851629 0.031040 0.033334
0 0.280522 0.115121 0.020335 0.030157
0 0.576652 0.893693 0.020337 0.038094
0 0.389340 0.053217 0.023903 0.023809
0 0.512430 0.715915 0.027473 0.038094
0 0.752664 0.843693 0.029850 0.033332
0 0.597463 0.012720 0.026282 0.025440
0 0.535621 0.161154 0.023905 0.033334
0 0.175271 0.873851 0.016769 0.033334
0 0.504105 0.405598 0.022714 0.039684
0 0.350689 0.965915 0.022716 0.039681
