0 0.258520 0.576154 0.021525 0.041428
0 0.129484 0.992006 0.017956 0.015988
0 0.163379 0.985677 0.021527 0.025556
0 0.092616 0.942820 0.022714 0.025554
0 0.084886 0.856312 0.021527 0.027144
0 0.086670 0.808693 0.025095 0.030319
0 0.086670 0.734090 0.020337 0.027144
0 0.068831 0.743613 0.022716 0.030316
0 0.054561 0.659487 0.015580 0.020794
0 0.064074 0.644407 0.020337 0.022379
0 0.054561 0.583296 0.015580 0.030319
0 0.093806 0.626946 0.020335 0.031906
0 0.162189 0.670598 0.023905 0.023966
0 0.176460 0.643613 0.014390 0.023966
0 0.198462 0.645201 0.017958 0.023966
0 0.187164 0.527740 0.016767 0.020794
0 0.170513 0.501550 0.014390 0.022381
0 0.150890 0.489646 0.015580 0.020794
0 0.036721 0.481709 0.022714 0.033493
0 0.441669 0.987265 0.019148 0.022381
0 0.429776 0.954724 0.016767 0.023969
0 0.419667 0.919010 0.020337 0.025554
0 0.369718 0.955518 0.015580 0.019206
0 0.356634 0.947581 0.015580 0.016031
0 0.571894 0.727740 0.022716 0.030319
0 0.606383 0.953137 0.015580 0.023969
0 0.568327 0.355518 0.029850 0.035081
0 0.407774 0.304724 0.025093 0.031906
0 0.419667 0.506312 0.017958 0.025556
0 0.457723 0.972185 0.022716 0.027141
0 0.401233 0.665042 0.028663 0.031903
0 0.033747 0.348375 0.026282 0.027144
0 0.110455 0.030915 0.027472 0.027144
0 0.045045 0.176946 0.020337 0.023969
0 0.816290 0.960281 0.023905 0.038256
0 0.854941 0.958693 0.017958 0.022381
0 0.905485 0.987243 0.021527 0.025513
0 0.942947 0.959487 0.025095 0.027144
0 0.978031 0.927740 0.026282 0.033493
0 0.169325 0.339646 0.028661 0.025556
