0 0.847210 0.519010 0.009633 0.019209
0 0.931055 0.222184 0.015580 0.025556
0 0.973868 0.402343 0.022714 0.027144
0 0.975652 0.319804 0.019146 0.030316
0 0.912621 0.457899 0.019148 0.030319
0 0.785369 0.579328 0.016769 0.028731
0 0.721148 0.643613 0.016769 0.017621
0 0.973868 0.595201 0.013203 0.016034
0 0.995527 0.722978 0.008947 0.017619
0 0.961975 0.753931 0.015580 0.019206
0 0.984572 0.949168 0.015580 0.022381
0 0.976246 0.915837 0.015580 0.022381
0 0.825804 0.827740 0.021525 0.033493
0 0.480319 0.837265 0.029850 0.027144
0 0.300740 0.811868 0.020335 0.023969
0 0.281711 0.983296 0.020335 0.027144
0 0.413126 0.538851 0.026282 0.033491
0 0.298361 0.302345 0.025093 0.036666
0 0.239492 0.419010 0.021527 0.025554
0 0.322146 0.199962 0.017958 0.028731
0 0.483887 0.161073 0.027472 0.036666
0 0.448804 0.027740 0.026282 0.027144
0 0.200840 0.041232 0.032229 0.035078
0 0.429776 0.931709 0.016767 0.035081
0 0.941163 0.616629 0.019148 0.030316
0 0.800830 0.757106 0.021527 0.031906
0 0.678928 0.915042 0.020337 0.036666
