0 0.289146 0.545953 0.038360 0.054125
0 0.551098 0.790981 0.014248 0.026330
0 0.429986 0.727347 0.024112 0.036570
0 0.545068 0.643964 0.021920 0.036572
0 0.428889 0.355784 0.017536 0.033645
0 0.165295 0.711987 0.020824 0.035106
0 0.569181 0.926294 0.017536 0.033645
0 0.182282 0.861930 0.021920 0.039497
0 0.081448 0.717837 0.024112 0.035109
0 0.927583 0.440628 0.028496 0.030720
0 0.873330 0.454526 0.018633 0.023405
0 0.866205 0.416490 0.015343 0.023405
0 0.858533 0.375532 0.017536 0.023405
0 0.849765 0.335302 0.017538 0.030720
0 0.694677 0.170732 0.020824 0.026332
0 0.559317 0.106368 0.024112 0.029257
