0 0.536848 0.205840 0.016439 0.029259
0 0.525888 0.061019 0.018633 0.026330
0 0.287501 0.091007 0.032881 0.051201
0 0.469442 0.970911 0.024112 0.040958
0 0.292434 0.984724 0.018633 0.030551
0 0.285310 0.938729 0.015343 0.029257
0 0.189955 0.676146 0.015345 0.027793
0 0.100080 0.682730 0.017536 0.026330
0 0.172967 0.436239 0.016441 0.024869
0 0.082545 0.457452 0.024112 0.029257
0 0.160362 0.288491 0.021920 0.024869
0 0.079257 0.300195 0.032881 0.030718
0 0.422313 0.264355 0.028498 0.029257
0 0.441493 0.630799 0.029593 0.036572
0 0.570277 0.703941 0.019729 0.045349
0 0.563153 0.492559 0.016439 0.035109
0 0.543973 0.352126 0.019729 0.032184
