0 0.083162 0.644487 0.022597 0.041269
0 0.236579 0.790518 0.022597 0.031744
0 0.243713 0.829407 0.022597 0.033334
0 0.253228 0.867503 0.024975 0.033332
0 0.261553 0.906392 0.022595 0.034922
0 0.310908 0.895281 0.026165 0.034919
0 0.349560 0.780995 0.022597 0.044446
0 0.485136 0.841312 0.020216 0.038094
0 0.828241 0.732582 0.026165 0.058729
0 0.623092 0.653217 0.017839 0.042859
0 0.419132 0.566709 0.030922 0.053969
0 0.229443 0.470677 0.036867 0.052381
0 0.209819 0.407979 0.023786 0.025397
0 0.213982 0.383376 0.022597 0.036509
0 0.286527 0.357979 0.027354 0.039684
0 0.135491 0.389722 0.029737 0.026977
0 0.049267 0.388931 0.038057 0.047619
0 0.158086 0.364328 0.027354 0.030157
0 0.174141 0.280201 0.021407 0.023809
0 0.930520 0.240518 0.026165 0.039681
