0 0.457935 0.467983 0.017536 0.033645
0 0.401489 0.485538 0.020826 0.024869
0 0.485883 0.973399 0.018633 0.026332
0 0.931420 0.903181 0.024112 0.035109
0 0.917719 0.555023 0.023017 0.032184
0 0.805923 0.433607 0.020824 0.029257
0 0.793319 0.274888 0.019729 0.027793
0 0.912786 0.200282 0.021920 0.030720
0 0.266678 0.813215 0.018633 0.033645
0 0.785099 0.132259 0.020824 0.035109
0 0.760987 0.009810 0.025208 0.019621
0 0.771400 0.816873 0.021920 0.026330
0 0.640972 0.749582 0.019727 0.035109
0 0.480402 0.588668 0.023017 0.029257
0 0.471087 0.551365 0.015345 0.024869
0 0.464510 0.506749 0.019729 0.029257
0 0.456838 0.930244 0.024112 0.039497
