0 0.415563 0.395281 0.021407 0.038094
0 0.443512 0.612741 0.020218 0.031747
0 0.492866 0.760360 0.021407 0.031747
0 0.355506 0.760360 0.024973 0.038097
0 0.208035 0.764328 0.024975 0.033332
0 0.090297 0.714329 0.024973 0.028572
0 0.017751 0.492898 0.017839 0.026984
0 0.535681 0.734170 0.023786 0.023809
0 0.557088 0.723851 0.019028 0.028572
0 0.597523 0.709566 0.026163 0.034922
0 0.694448 0.659566 0.020218 0.033334
0 0.711692 0.631788 0.021407 0.031747
0 0.756884 0.623857 0.021405 0.028584
0 0.814565 0.569090 0.024975 0.036507
0 0.935871 0.819090 0.041625 0.047619
0 0.847270 0.719882 0.014271 0.026984
0 0.918626 0.338137 0.023786 0.034919
0 0.887111 0.229407 0.020218 0.026984
0 0.828836 0.110360 0.027354 0.033334
0 0.788995 0.418296 0.026165 0.036507
0 0.828241 0.394487 0.023786 0.036507
0 0.736668 0.384963 0.016650 0.020634
0 0.756291 0.330201 0.024975 0.034922
0 0.734884 0.281788 0.027354 0.039684
0 0.714667 0.311154 0.032110 0.034922
0 0.686718 0.344487 0.035678 0.047619
0 0.708721 0.088138 0.020218 0.030159
0 0.715260 0.014307 0.028544 0.028615
0 0.613578 0.079407 0.027352 0.031747
0 0.535681 0.070676 0.021407 0.026984
0 0.529734 0.027027 0.030922 0.047619
0 0.455999 0.057979 0.026165 0.036509
0 0.397724 0.011926 0.026165 0.023852
0 0.347181 0.050042 0.024975 0.033334
0 0.209224 0.041312 0.022597 0.031744
0 0.252039 0.043693 0.029733 0.030157
0 0.166411 0.042106 0.020216 0.023812
0 0.115272 0.032582 0.022597 0.026984
0 0.093866 0.028613 0.010705 0.015872
0 0.379885 0.198454 0.021407 0.034922
