0 0.451836 0.409565 0.020218 0.041269
0 0.279392 0.471471 0.029731 0.041269
0 0.800889 0.890519 0.014271 0.025397
0 0.830620 0.877026 0.023786 0.033334
0 0.854406 0.861948 0.023786 0.031747
0 0.921006 0.674646 0.030920 0.047619
0 0.982504 0.393693 0.034992 0.057144
0 0.798509 0.292106 0.028542 0.057144
0 0.586224 0.197662 0.022597 0.049206
0 0.388805 0.119884 0.024973 0.052381
0 0.207440 0.368296 0.019028 0.028569
0 0.212198 0.407979 0.019028 0.031747
0 0.228848 0.486550 0.023786 0.042856
0 0.061160 0.238931 0.023786 0.036507
0 0.320421 0.357185 0.026165 0.041271
