0 0.956029 0.800043 0.025093 0.044444
0 0.795477 0.012720 0.025095 0.025440
0 0.477347 0.160360 0.016769 0.028572
0 0.472589 0.123057 0.016769 0.023809
0 0.463670 0.078613 0.013201 0.030159
0 0.454750 0.038932 0.014390 0.030159
0 0.400638 0.053217 0.015580 0.033334
0 0.349500 0.988117 0.017958 0.023766
0 0.293009 0.981788 0.016769 0.026984
0 0.510051 0.684170 0.017958 0.025397
0 0.397665 0.596074 0.023905 0.033332
0 0.482104 0.554010 0.023905 0.028572
0 0.535027 0.606392 0.020337 0.022222
0 0.558812 0.582582 0.017958 0.031747
0 0.645629 0.588931 0.032231 0.038094
0 0.453562 0.487345 0.026282 0.031747
0 0.756826 0.832582 0.026284 0.030159
0 0.944732 0.471471 0.033419 0.034919
0 0.774665 0.393692 0.019148 0.025397
0 0.636115 0.324645 0.025093 0.036509
0 0.357230 0.161948 0.019146 0.025397
0 0.235330 0.101629 0.015580 0.028572
0 0.260899 0.371471 0.028661 0.038094
0 0.910242 0.113534 0.023905 0.033332
