0 0.602814 0.489724 0.020337 0.042856
0 0.823425 0.927026 0.026282 0.028572
0 0.731257 0.944487 0.025093 0.031744
0 0.972084 0.754804 0.033419 0.049209
0 0.615303 0.388931 0.019148 0.034919
0 0.486861 0.432582 0.021525 0.039684
0 0.491617 0.550043 0.021527 0.046031
0 0.251384 0.310360 0.014390 0.030159
0 0.119375 0.477820 0.019148 0.041271
0 0.139593 0.698456 0.019148 0.041269
0 0.800829 0.148456 0.147589 0.042856
0 0.232951 0.085757 0.020337 0.034922
0 0.433938 0.052423 0.025093 0.038097
0 0.039694 0.135757 0.023903 0.036509
