0 0.262683 0.095995 0.025093 0.039841
0 0.473184 0.882503 0.022716 0.028731
0 0.491618 0.780121 0.026282 0.033493
0 0.461886 0.443613 0.019148 0.030316
0 0.171109 0.035677 0.025093 0.033493
0 0.008579 0.233296 0.017157 0.041431
0 0.315605 0.565837 0.021525 0.027144
0 0.382799 0.379328 0.022716 0.028731
0 0.577246 0.426154 0.016769 0.036666
0 0.601031 0.837264 0.021525 0.036666
0 0.684875 0.729328 0.010822 0.023969
0 0.837697 0.483296 0.009633 0.017619
0 0.812127 0.477740 0.013201 0.019206
0 0.743150 0.334884 0.013201 0.019206
0 0.698551 0.302343 0.016769 0.027144
0 0.819263 0.219010 0.017958 0.025554
0 0.882888 0.153137 0.019148 0.036668
0 0.982788 0.183296 0.023905 0.036668
0 0.608761 0.198376 0.017958 0.028729
0 0.574867 0.038851 0.019148 0.036666
0 0.453562 0.101551 0.026282 0.035078
0 0.084886 0.338057 0.038174 0.044603
0 0.248411 0.477740 0.017958 0.025556
0 0.158027 0.561074 0.022716 0.023969
0 0.077750 0.641234 0.021527 0.019206
