0 0.464265 0.125439 0.016769 0.031747
0 0.528485 0.177026 0.014390 0.023809
0 0.515403 0.130995 0.019148 0.026984
0 0.753853 0.957979 0.027472 0.030159
0 0.852562 0.788138 0.034608 0.030159
0 0.831751 0.486551 0.031040 0.033334
0 0.804397 0.199248 0.023903 0.030159
0 0.623032 0.474646 0.025095 0.044444
0 0.351284 0.767503 0.021527 0.036507
0 0.244844 0.522265 0.036987 0.053969
0 0.445830 0.399249 0.032229 0.049206
0 0.519565 0.300042 0.025093 0.034922
0 0.032559 0.349248 0.021527 0.025397
0 0.059316 0.330995 0.013201 0.026984
0 0.080129 0.315123 0.019148 0.023809
0 0.124727 0.261948 0.020337 0.028572
0 0.369123 0.384170 0.021527 0.034922
0 0.388746 0.354804 0.020337 0.030159
0 0.405396 0.327820 0.022716 0.036509
0 0.418477 0.296074 0.025095 0.036507
0 0.429776 0.260359 0.021525 0.038094
0 0.438100 0.223057 0.021527 0.036509
0 0.446426 0.186551 0.019148 0.030159
0 0.448209 0.150043 0.022714 0.042856
0 0.457129 0.092106 0.021527 0.034919
0 0.447020 0.062741 0.020335 0.030159
0 0.437506 0.033376 0.017958 0.028572
0 0.429776 0.028613 0.019146 0.041271
0 0.499348 0.087345 0.015580 0.028572
0 0.491617 0.050835 0.016769 0.028572
0 0.838291 0.034963 0.025093 0.031747
0 0.234140 0.032582 0.017958 0.033334
0 0.141377 0.091312 0.017958 0.033332
0 0.122348 0.124645 0.015580 0.026984
0 0.107483 0.046867 0.016769 0.026984
0 0.087860 0.103217 0.017958 0.028572
0 0.074183 0.034963 0.012013 0.022222
0 0.049208 0.068296 0.014390 0.019050
0 0.927487 0.673057 0.017958 0.019047
