0 0.441728 0.161948 0.021407 0.031747
0 0.871651 0.805598 0.020218 0.026984
0 0.069486 0.726232 0.023786 0.036509
0 0.965603 0.208773 0.022597 0.039684
0 0.515463 0.392899 0.019028 0.033332
0 0.150355 0.646867 0.023786 0.026984
0 0.181277 0.569089 0.019028 0.026984
0 0.196143 0.920677 0.029733 0.044444
0 0.230632 0.459566 0.027354 0.030159
0 0.145005 0.468296 0.022597 0.028569
0 0.135490 0.261948 0.024975 0.028572
0 0.046295 0.553217 0.017839 0.030159
0 0.325179 0.271470 0.021407 0.025397
0 0.162844 0.825439 0.024975 0.034922
0 0.381670 0.210360 0.024975 0.033334
0 0.131921 0.722264 0.022597 0.025397
