0 0.859699 0.056392 0.015580 0.023809
0 0.981004 0.330201 0.022716 0.028572
0 0.941163 0.350042 0.016769 0.023809
0 0.901917 0.373057 0.019148 0.028572
0 0.776449 0.434963 0.020337 0.028572
0 0.737203 0.457185 0.022716 0.028572
0 0.690822 0.479407 0.017958 0.028572
0 0.646223 0.739726 0.019148 0.028572
0 0.599247 0.730201 0.022714 0.031747
0 0.384583 0.734170 0.016769 0.033334
0 0.342364 0.759566 0.017958 0.036509
0 0.156242 0.790518 0.026284 0.031744
0 0.148512 0.719884 0.022714 0.036507
0 0.036721 0.849249 0.020335 0.041269
0 0.293009 0.604010 0.023905 0.039684
0 0.485671 0.470677 0.019146 0.036507
0 0.671198 0.342106 0.021525 0.046031
0 0.546919 0.434963 0.017958 0.025397
0 0.858509 0.217503 0.020337 0.034919
0 0.649197 0.501629 0.017958 0.028572
0 0.605788 0.523057 0.019148 0.026984
0 0.794288 0.097661 0.017958 0.030159
0 0.725905 0.138138 0.019148 0.031747
0 0.652170 0.188932 0.021525 0.025397
0 0.582002 0.234963 0.016769 0.025397
0 0.505889 0.289726 0.021525 0.026984
0 0.433343 0.338137 0.019148 0.034919
0 0.358419 0.390518 0.019148 0.028569
0 0.287062 0.440519 0.021527 0.026984
0 0.219868 0.488931 0.032229 0.041269
0 0.152674 0.537345 0.021527 0.023809
0 0.089644 0.588138 0.019148 0.030159
0 0.356041 0.202423 0.016767 0.033334
0 0.360797 0.261948 0.021527 0.028572
0 0.364366 0.322264 0.016769 0.034922
0 0.373880 0.309566 0.016767 0.028572
0 0.449993 0.259566 0.021525 0.033334
0 0.521945 0.211948 0.015580 0.030159
0 0.596274 0.158773 0.021525 0.028572
