0 0.545194 0.938931 0.021407 0.039681
0 0.793158 0.181788 0.013081 0.020634
0 0.730720 0.226227 0.033295 0.042844
0 0.693259 0.166709 0.017839 0.025394
0 0.838351 0.628613 0.020218 0.028572
0 0.929330 0.564329 0.021407 0.030159
0 0.900787 0.457979 0.021407 0.026984
0 0.845486 0.338931 0.022597 0.033332
0 0.225875 0.967503 0.027352 0.033332
0 0.369182 0.969884 0.033299 0.041269
0 0.108731 0.913534 0.030920 0.039681
0 0.031428 0.699249 0.028542 0.046031
0 0.497624 0.950042 0.028544 0.030159
0 0.568980 0.934170 0.026165 0.026984
0 0.607037 0.925439 0.021407 0.031747
0 0.453620 0.834170 0.030922 0.039684
0 0.426267 0.619090 0.023784 0.038094
0 0.391184 0.422265 0.027352 0.038094
0 0.701584 0.873059 0.029733 0.041269
0 0.718234 0.842899 0.024975 0.034919
0 0.764616 0.845281 0.027352 0.036507
0 0.818727 0.798454 0.028542 0.031747
0 0.799105 0.642899 0.020218 0.034919
0 0.748561 0.611946 0.026163 0.039681
0 0.696827 0.568296 0.027354 0.041269
0 0.724776 0.535757 0.023786 0.026984
0 0.743803 0.496074 0.026163 0.042856
0 0.768183 0.551629 0.020218 0.033334
0 0.686124 0.073851 0.022597 0.033334
0 0.689097 0.025439 0.023784 0.038097
0 0.718829 0.313534 0.021407 0.033332
0 0.626660 0.304010 0.027354 0.036509
0 0.548762 0.288138 0.023786 0.020634
0 0.536276 0.237345 0.017839 0.030159
0 0.466106 0.279401 0.027348 0.031734
0 0.361452 0.270677 0.029733 0.036507
0 0.405455 0.216709 0.024975 0.036507
0 0.341235 0.209566 0.034489 0.038097
0 0.255012 0.169884 0.016650 0.031744
0 0.270473 0.168296 0.021407 0.028569
0 0.215171 0.246073 0.020218 0.031747
0 0.260364 0.251629 0.024973 0.033334
0 0.169384 0.243693 0.023786 0.033332
0 0.120029 0.227026 0.020218 0.028572
0 0.096243 0.231788 0.020218 0.028572
0 0.047484 0.219882 0.024975 0.023809
0 0.848459 0.935757 0.019028 0.036509
