0 0.863861 0.694407 0.023903 0.030316
0 0.163973 0.865042 0.041744 0.044603
0 0.086670 0.692026 0.034608 0.031903
0 0.227599 0.774566 0.035797 0.047778
0 0.305496 0.792820 0.025095 0.033491
0 0.287657 0.818217 0.027473 0.036666
0 0.270413 0.846788 0.026284 0.036666
0 0.259709 0.879328 0.023903 0.022381
0 0.184190 0.969804 0.025093 0.031903
0 0.425613 0.653931 0.032229 0.031906
0 0.539783 0.772979 0.022714 0.038253
0 0.331065 0.393613 0.033419 0.050953
0 0.563569 0.911073 0.029850 0.041428
0 0.616491 0.856312 0.021525 0.039843
0 0.650385 0.832503 0.025093 0.030319
0 0.677145 0.815043 0.021525 0.023969
0 0.769313 0.759487 0.022714 0.033493
0 0.800235 0.732503 0.020337 0.027144
0 0.814506 0.716629 0.025095 0.030316
0 0.904890 0.834884 0.022716 0.028731
0 0.981598 0.680121 0.026284 0.039843
0 0.870402 0.422979 0.022716 0.033491
0 0.927487 0.379328 0.022716 0.035081
0 0.975652 0.322185 0.019146 0.031903
