0 0.510051 0.465121 0.022716 0.041269
0 0.480320 0.334963 0.017958 0.028572
0 0.396475 0.377026 0.019148 0.033334
0 0.449993 0.261153 0.023903 0.046031
0 0.081913 0.959566 0.017958 0.023809
0 0.344742 0.785757 0.017958 0.022222
0 0.286468 0.780995 0.013201 0.022222
0 0.266250 0.142899 0.017958 0.031744
0 0.766935 0.183376 0.029850 0.036509
0 0.631357 0.111153 0.027472 0.038094
0 0.934622 0.250835 0.025093 0.031747
0 0.838885 0.471471 0.028661 0.038094
0 0.826993 0.947661 0.023903 0.034922
0 0.976842 0.833376 0.023903 0.034922
0 0.558217 0.362741 0.023903 0.030159
0 0.647413 0.354010 0.026284 0.034922
0 0.759205 0.613534 0.028663 0.033332
0 0.960786 0.584168 0.025095 0.044444
0 0.533837 0.383376 0.020337 0.033334
