0 0.919162 0.902343 0.039366 0.033493
0 0.899539 0.977740 0.040555 0.031906
0 0.614707 0.854724 0.034608 0.030319
0 0.579029 0.986529 0.029850 0.026941
0 0.946515 0.572979 0.025095 0.031903
0 0.818672 0.495997 0.023913 0.033496
0 0.693200 0.422184 0.025093 0.022381
0 0.085481 0.836471 0.029852 0.028731
0 0.566543 0.343613 0.028661 0.036666
0 0.441669 0.269804 0.028663 0.038253
0 0.316200 0.198376 0.027472 0.031903
0 0.202625 0.130121 0.016769 0.031906
0 0.116996 0.042026 0.021527 0.043016
0 0.985167 0.394407 0.023905 0.030316
0 0.889430 0.328534 0.027473 0.028731
0 0.883483 0.151550 0.017958 0.023969
0 0.796667 0.180915 0.017958 0.025556
0 0.053965 0.157106 0.026282 0.035081
0 0.680117 0.149962 0.022716 0.027144
0 0.575462 0.071392 0.022716 0.035078
0 0.416694 0.034884 0.028661 0.035081
0 0.073588 0.331709 0.029850 0.025556
0 0.787747 0.895201 0.040555 0.031903
0 0.102725 0.646788 0.026284 0.033491
