0 0.345337 0.405518 0.028663 0.033493
0 0.505295 0.375359 0.020335 0.030319
0 0.992553 0.600756 0.014894 0.023969
0 0.937001 0.663456 0.022714 0.028731
0 0.870996 0.722979 0.016769 0.030316
0 0.807964 0.783296 0.016769 0.020794
0 0.743150 0.847581 0.020337 0.016031
0 0.439884 0.760279 0.027473 0.044603
0 0.823425 0.965042 0.019146 0.035078
0 0.971491 0.933296 0.017958 0.025556
0 0.323335 0.523773 0.025095 0.035078
0 0.986951 0.783296 0.020337 0.027144
0 0.957812 0.417423 0.014390 0.016034
0 0.989924 0.115043 0.014390 0.023969
0 0.907864 0.136471 0.014390 0.019206
0 0.812127 0.164249 0.017958 0.017619
0 0.713417 0.099962 0.017958 0.019206
0 0.472589 0.228534 0.021527 0.025556
0 0.438100 0.043613 0.023905 0.027141
0 0.222247 0.252343 0.032229 0.035081
0 0.130673 0.014307 0.029850 0.028615
0 0.241870 0.121392 0.021525 0.027141
0 0.263872 0.630121 0.027472 0.038256
0 0.370312 0.980915 0.023903 0.028731
0 0.955435 0.814248 0.023903 0.035078
