0 0.518972 0.083296 0.021527 0.027144
0 0.852563 0.746788 0.022716 0.036666
0 0.887646 0.569010 0.019148 0.027141
0 0.926892 0.545995 0.026284 0.035078
0 0.631358 0.907106 0.022716 0.033493
0 0.886456 0.809487 0.016769 0.022381
0 0.689038 0.980915 0.016769 0.022381
0 0.983383 0.903931 0.017958 0.036668
0 0.867428 0.167423 0.021527 0.023966
0 0.441669 0.405518 0.021527 0.027144
0 0.331661 0.460281 0.022716 0.028731
0 0.166946 0.552343 0.026282 0.025556
0 0.042072 0.545201 0.021527 0.023966
0 0.082508 0.658693 0.023905 0.028731
0 0.112240 0.830121 0.023903 0.025556
0 0.397071 0.148376 0.025093 0.030316
0 0.276954 0.214249 0.022714 0.028731
0 0.162784 0.281709 0.022716 0.027144
0 0.080723 0.192820 0.020337 0.023966
0 0.185380 0.126946 0.017956 0.022381
0 0.299550 0.060281 0.020335 0.025556
0 0.950083 0.067423 0.020337 0.023966
