0 0.755043 0.646788 0.027472 0.043016
0 0.539189 0.607106 0.016769 0.020794
0 0.822830 0.293613 0.017956 0.022379
0 0.779422 0.082503 0.016769 0.025556
0 0.937596 0.572185 0.033419 0.043016
0 0.462481 0.019010 0.020337 0.028729
0 0.406585 0.036471 0.020337 0.025556
0 0.279927 0.926946 0.021525 0.028731
0 0.168135 0.271390 0.009634 0.016031
0 0.163973 0.222978 0.006066 0.020794
0 0.337012 0.934884 0.021525 0.022381
0 0.485671 0.755518 0.026282 0.054125
0 0.201436 0.622978 0.016769 0.020794
0 0.191920 0.572184 0.009633 0.020794
0 0.184190 0.531709 0.008445 0.019206
0 0.178244 0.496787 0.010822 0.016031
0 0.190136 0.417424 0.008443 0.019206
0 0.185380 0.384884 0.010824 0.020794
0 0.172892 0.313456 0.009633 0.020794
0 0.631358 0.873773 0.022716 0.030316
