0 0.158027 0.128613 0.020337 0.044446
0 0.451182 0.601630 0.016769 0.044444
0 0.670009 0.554804 0.016769 0.046034
0 0.882888 0.504804 0.019148 0.038097
0 0.991959 0.326232 0.016081 0.036509
0 0.980409 0.242106 0.016769 0.033332
0 0.243654 0.644487 0.013203 0.047619
0 0.087265 0.673852 0.016769 0.042856
0 0.056344 0.869090 0.016767 0.049206
0 0.436316 0.377820 0.017958 0.038097
0 0.415504 0.227026 0.014390 0.025397
0 0.564758 0.199248 0.020337 0.030159
0 0.162189 0.245281 0.019148 0.033332
0 0.067047 0.202423 0.014390 0.042859
0 0.052777 0.284962 0.016769 0.052381
