0 0.492866 0.888137 0.023786 0.039681
0 0.665906 0.792899 0.024975 0.049206
0 0.857973 0.852424 0.028542 0.047619
0 0.747371 0.888931 0.023784 0.050794
0 0.447674 0.746074 0.021405 0.050794
0 0.246092 0.814328 0.024975 0.047619
0 0.032617 0.777820 0.033299 0.034922
0 0.519625 0.559566 0.024973 0.033334
0 0.608821 0.584963 0.022597 0.036509
0 0.668285 0.380201 0.024975 0.042859
0 0.554709 0.356390 0.023786 0.046031
0 0.557682 0.189724 0.029731 0.039681
0 0.419726 0.128613 0.027354 0.034922
0 0.719423 0.686550 0.027354 0.039681
0 0.783644 0.525439 0.024973 0.034922
0 0.845486 0.359565 0.024975 0.042856
0 0.896625 0.207979 0.022595 0.034922
0 0.943601 0.062740 0.026165 0.036507
0 0.702774 0.168296 0.015460 0.031744
0 0.762832 0.042899 0.016650 0.038094
0 0.238363 0.900042 0.023786 0.038097
