0 0.113488 0.369090 0.021407 0.030157
0 0.076620 0.623057 0.019028 0.030159
0 0.185439 0.642106 0.020216 0.026982
0 0.177115 0.765916 0.015460 0.023809
0 0.177115 0.894487 0.020218 0.030157
0 0.021320 0.947662 0.029731 0.041269
0 0.382859 0.750837 0.029733 0.044444
0 0.498812 0.683376 0.028542 0.033334
0 0.747966 0.538932 0.024973 0.026984
0 0.861542 0.473057 0.030920 0.034922
0 0.943007 0.345281 0.027354 0.039681
0 0.194359 0.484170 0.021407 0.025397
0 0.071269 0.110360 0.015462 0.014285
0 0.266904 0.171471 0.023786 0.044444
0 0.206846 0.046867 0.020218 0.033334
0 0.213982 0.150042 0.024975 0.026984
0 0.292474 0.013514 0.027354 0.027027
0 0.095054 0.038932 0.022597 0.030159
0 0.058781 0.104010 0.019028 0.023809
0 0.062944 0.073851 0.017839 0.026984
0 0.065918 0.038932 0.019028 0.026984
0 0.269283 0.834963 0.021407 0.034922
0 0.156302 0.803217 0.023786 0.025397
0 0.134304 0.057183 0.022604 0.031742
0 0.204467 0.271470 0.020218 0.025397
0 0.080783 0.074645 0.015460 0.025397
