0 0.360797 0.407899 0.021527 0.025556
0 0.462481 0.325359 0.020337 0.031906
0 0.583787 0.214248 0.022714 0.035078
0 0.662873 0.128534 0.023905 0.035081
0 0.756231 0.030915 0.015580 0.036668
0 0.606383 0.056312 0.020337 0.039843
0 0.426207 0.263454 0.026282 0.038253
0 0.312632 0.187264 0.029850 0.044603
0 0.122348 0.193613 0.032229 0.038253
0 0.028991 0.293615 0.023905 0.019206
0 0.007984 0.142820 0.015968 0.035078
0 0.329877 0.826946 0.023905 0.028731
0 0.518972 0.916629 0.021527 0.043016
0 0.238897 0.544407 0.027472 0.035078
0 0.295387 0.415835 0.023903 0.031903
0 0.052777 0.726153 0.019148 0.020794
0 0.006795 0.784884 0.013589 0.023969
0 0.917378 0.582503 0.021525 0.038256
0 0.973274 0.811867 0.019146 0.039841
0 0.872186 0.903931 0.021527 0.030319
0 0.957813 0.953931 0.021525 0.035081
0 0.445831 0.515042 0.020337 0.030316
0 0.408368 0.547582 0.023903 0.031903
