0 0.615897 0.724645 0.025093 0.039684
0 0.503510 0.788931 0.019146 0.044444
0 0.157432 0.900043 0.023905 0.044444
0 0.130079 0.692899 0.023903 0.042856
0 0.271602 0.671471 0.019148 0.041269
0 0.257926 0.522264 0.017958 0.034922
0 0.238303 0.292899 0.023905 0.042856
0 0.445236 0.258773 0.023903 0.034922
0 0.964949 0.181788 0.023905 0.042859
0 0.626600 0.631788 0.020337 0.041271
0 0.789530 0.204010 0.020337 0.033334
0 0.614114 0.235756 0.021527 0.039681
0 0.666441 0.031788 0.023905 0.041271
0 0.812722 0.342899 0.149966 0.047619
0 0.852563 0.448454 0.015580 0.020634
0 0.786558 0.461154 0.012013 0.020634
