0 0.722337 0.807185 0.021527 0.039684
0 0.546920 0.834170 0.025093 0.036509
0 0.354851 0.867503 0.021525 0.039681
0 0.307875 0.934168 0.029852 0.042856
0 0.271008 0.606392 0.034606 0.031747
0 0.135431 0.521471 0.027472 0.039681
0 0.017692 0.454010 0.025093 0.034922
0 0.233545 0.238931 0.033420 0.033332
0 0.884672 0.781788 0.017958 0.036509
0 0.363772 0.045281 0.034608 0.055556
0 0.861482 0.266709 0.021525 0.038094
0 0.870996 0.388138 0.021527 0.030159
0 0.745527 0.420677 0.022714 0.038094
0 0.753258 0.326232 0.021527 0.036509
0 0.499348 0.699248 0.146400 0.033334
0 0.172297 0.901629 0.015580 0.034922
