0 0.354911 0.188137 0.026163 0.033332
0 0.526166 0.216709 0.023786 0.036507
0 0.568980 0.220677 0.021407 0.038094
0 0.446485 0.073852 0.028542 0.049206
0 0.197331 0.096868 0.034489 0.047619
0 0.772940 0.138138 0.020218 0.025397
0 0.794941 0.151632 0.021420 0.036514
0 0.809808 0.176232 0.024975 0.034922
0 0.080188 0.107979 0.030922 0.034922
0 0.418537 0.865121 0.039244 0.050794
0 0.453026 0.206392 0.020218 0.031747
0 0.710504 0.980995 0.026163 0.028572
0 0.758075 0.925439 0.023786 0.038097
0 0.777698 0.971470 0.017839 0.031747
0 0.931115 0.983376 0.024975 0.030159
0 0.911491 0.893693 0.030920 0.034919
0 0.860947 0.784170 0.022595 0.031747
0 0.818134 0.635757 0.024975 0.033334
0 0.752128 0.664328 0.023786 0.033332
0 0.900134 0.215042 0.020335 0.030316
0 0.684875 0.110281 0.020337 0.033493
0 0.715855 0.607979 0.020218 0.034922
0 0.712287 0.508773 0.015460 0.030159
0 0.714071 0.451629 0.021407 0.036509
0 0.678988 0.306392 0.020218 0.031747
0 0.678393 0.225439 0.021407 0.028572
0 0.706937 0.280995 0.021407 0.034922
0 0.725965 0.273851 0.021407 0.036509
0 0.736073 0.366709 0.015460 0.025394
0 0.784239 0.319882 0.016652 0.020634
0 0.790779 0.294486 0.013081 0.020634
0 0.813971 0.300042 0.016650 0.022222
0 0.823485 0.386551 0.014273 0.026984
0 0.744993 0.769089 0.019028 0.026984
0 0.648067 0.753217 0.022597 0.030159
0 0.571359 0.741312 0.021407 0.034919
0 0.558277 0.677026 0.021407 0.030159
0 0.488704 0.727820 0.022597 0.033334
0 0.381670 0.716709 0.022597 0.026982
0 0.426863 0.666710 0.017839 0.025397
0 0.362046 0.657185 0.023786 0.025397
0 0.281770 0.684170 0.017839 0.025397
0 0.360857 0.696867 0.014271 0.022222
0 0.237768 0.685757 0.022597 0.025397
0 0.185439 0.666710 0.020216 0.025397
0 0.274041 0.606392 0.016650 0.022222
0 0.290690 0.607979 0.014271 0.022222
0 0.116461 0.660360 0.015460 0.022222
0 0.135490 0.645279 0.020218 0.026984
0 0.061755 0.635757 0.022597 0.030159
0 0.075431 0.310360 0.021407 0.030159
0 0.128949 0.275439 0.030920 0.033334
0 0.197332 0.230995 0.022597 0.030159
0 0.253228 0.220676 0.020218 0.031747
