0 0.630763 0.184884 0.019148 0.027144
0 0.599842 0.196788 0.026282 0.028729
0 0.614707 0.122979 0.025093 0.033491
0 0.617086 0.073773 0.025093 0.033491
0 0.270413 0.282503 0.031042 0.035081
0 0.125321 0.580121 0.031040 0.033493
0 0.591516 0.933296 0.031040 0.031906
0 0.664062 0.782503 0.023905 0.031906
0 0.771691 0.880915 0.022716 0.031906
0 0.854347 0.897582 0.023905 0.027141
0 0.943542 0.748376 0.023905 0.049366
0 0.735420 0.700756 0.033419 0.027144
0 0.897755 0.595995 0.027472 0.039841
0 0.897160 0.491232 0.021525 0.036666
0 0.957219 0.379328 0.020335 0.025556
0 0.869212 0.374565 0.015580 0.022381
0 0.800235 0.364249 0.020337 0.020794
0 0.757420 0.357106 0.022716 0.028731
0 0.542757 0.452343 0.016767 0.022381
0 0.519566 0.441234 0.015580 0.025556
0 0.504700 0.415042 0.023903 0.030316
0 0.414910 0.367423 0.022714 0.030316
0 0.652170 0.457106 0.021525 0.031906
0 0.647413 0.597582 0.021527 0.027141
0 0.510051 0.599963 0.022716 0.031903
0 0.257331 0.442026 0.021527 0.030316
0 0.257925 0.634090 0.032229 0.036668
0 0.115213 0.230916 0.032229 0.046191
0 0.094995 0.025360 0.029850 0.044603
0 0.277549 0.038059 0.019148 0.022381
0 0.420856 0.257899 0.017958 0.023969
0 0.407775 0.203137 0.020337 0.028731
0 0.498159 0.296788 0.020337 0.025554
0 0.520756 0.299168 0.020337 0.023969
0 0.533242 0.269010 0.021527 0.027141
0 0.495186 0.198376 0.023905 0.031903
0 0.598652 0.303932 0.023903 0.043016
0 0.649792 0.353931 0.019148 0.031906
0 0.649197 0.272185 0.020337 0.036666
