0 0.724776 0.169089 0.019028 0.026984
0 0.164033 0.884962 0.022597 0.039681
0 0.354911 0.914328 0.023784 0.031744
0 0.414969 0.858773 0.022597 0.034922
0 0.472054 0.815915 0.020218 0.028569
0 0.505949 0.804804 0.033299 0.031747
0 0.196143 0.552423 0.027354 0.034922
0 0.344207 0.545281 0.028544 0.033332
0 0.078405 0.502423 0.036867 0.036509
0 0.013590 0.285757 0.023786 0.034922
0 0.483947 0.542899 0.027352 0.038094
0 0.432213 0.388137 0.021407 0.036507
0 0.406645 0.173851 0.022597 0.033334
0 0.526760 0.520676 0.027354 0.028572
0 0.550546 0.506392 0.022597 0.028572
0 0.588603 0.484963 0.022597 0.033334
0 0.685529 0.431788 0.021407 0.028572
0 0.703368 0.409566 0.023786 0.034922
0 0.747371 0.396073 0.023784 0.030159
0 0.802672 0.343693 0.020216 0.030157
0 0.813971 0.170676 0.019028 0.026984
0 0.774724 0.197661 0.021407 0.026984
0 0.742020 0.115121 0.020218 0.030157
0 0.717639 0.067503 0.019028 0.026982
0 0.700990 0.096867 0.023786 0.028572
0 0.673042 0.130201 0.032110 0.034922
0 0.901382 0.115915 0.022597 0.031744
0 0.869272 0.017503 0.024975 0.031744
0 0.934087 0.602424 0.033299 0.046031
0 0.838351 0.488138 0.017839 0.030159
