0 0.240086 0.707185 0.025093 0.023809
0 0.691416 0.698454 0.019146 0.031747
0 0.497564 0.827820 0.019148 0.039684
0 0.298361 0.892899 0.020335 0.046031
0 0.012741 0.904010 0.025483 0.033334
0 0.976841 0.277820 0.016769 0.025397
0 0.936406 0.296073 0.023903 0.030159
0 0.734824 0.310360 0.017958 0.026984
0 0.692010 0.299248 0.022714 0.026984
0 0.828777 0.816709 0.017958 0.023812
0 0.755042 0.870676 0.017958 0.030159
0 0.195489 0.698454 0.023905 0.025397
0 0.155648 0.689724 0.022716 0.033332
0 0.232951 0.784170 0.022716 0.031747
0 0.209165 0.829407 0.017958 0.030159
0 0.869807 0.558773 0.021527 0.034922
0 0.968517 0.807185 0.016769 0.033334
0 0.962570 0.756392 0.019148 0.026984
0 0.958967 0.712068 0.023903 0.032629
0 0.977436 0.630995 0.020337 0.026984
0 0.910242 0.684170 0.019148 0.031747
0 0.840075 0.738138 0.021525 0.031747
0 0.774665 0.792899 0.019148 0.030157
0 0.700335 0.844487 0.020337 0.034919
0 0.627195 0.900042 0.019148 0.031747
0 0.894187 0.760360 0.025093 0.031747
0 0.964354 0.697661 0.027473 0.023809
0 0.959598 0.434963 0.025093 0.025397
0 0.920945 0.442899 0.021527 0.034919
0 0.878726 0.453217 0.022714 0.033334
0 0.840670 0.462741 0.022714 0.023809
0 0.736013 0.512740 0.022716 0.034919
0 0.692010 0.534963 0.022714 0.031747
0 0.651575 0.558773 0.025093 0.034922
0 0.605788 0.584170 0.021527 0.028572
0 0.561785 0.609566 0.019146 0.025397
0 0.434532 0.677026 0.021527 0.033334
0 0.392908 0.700042 0.019146 0.028572
0 0.348905 0.724645 0.021527 0.030159
0 0.303117 0.747661 0.022716 0.028572
0 0.827588 0.601629 0.027472 0.031747
