0 0.884672 0.466709 0.022716 0.031744
0 0.814506 0.518296 0.025095 0.036507
0 0.744934 0.568296 0.019148 0.038094
0 0.667631 0.616709 0.014390 0.030157
0 0.594491 0.665121 0.015580 0.034919
0 0.520161 0.716709 0.021527 0.033332
0 0.445831 0.764328 0.017958 0.033332
0 0.372691 0.812741 0.016769 0.028572
0 0.304307 0.854804 0.017958 0.033334
0 0.237708 0.896074 0.020337 0.036507
0 0.172297 0.938137 0.020337 0.034919
0 0.611140 0.588932 0.017958 0.025397
0 0.535621 0.636551 0.023905 0.028572
0 0.461886 0.687345 0.019148 0.025397
0 0.388746 0.734170 0.020337 0.026984
0 0.377447 0.729407 0.014390 0.036509
0 0.372097 0.670677 0.015580 0.033332
0 0.364366 0.613534 0.014390 0.033332
0 0.422640 0.294486 0.014390 0.020634
0 0.316795 0.315915 0.016769 0.022224
0 0.212733 0.338932 0.015580 0.020634
0 0.990519 0.726232 0.015580 0.026984
0 0.946515 0.756392 0.015580 0.026984
0 0.910837 0.775439 0.017958 0.026984
0 0.787152 0.840519 0.020335 0.023809
0 0.743744 0.865123 0.016769 0.028572
0 0.700335 0.886551 0.013201 0.026984
0 0.659900 0.907979 0.013201 0.025397
0 0.613519 0.931788 0.010822 0.028572
0 0.509516 0.972265 0.023786 0.036507
0 0.869807 0.645281 0.021527 0.033332
0 0.678928 0.781788 0.022716 0.036509
0 0.498754 0.896074 0.021527 0.039681
0 0.288252 0.669090 0.014390 0.017462
0 0.254953 0.673851 0.014390 0.017460
0 0.222843 0.679407 0.016769 0.022222
0 0.498159 0.151629 0.013201 0.023809
