0 0.700990 0.531788 0.021407 0.028572
0 0.617146 0.552423 0.022595 0.031747
0 0.564223 0.482582 0.011892 0.015872
0 0.535086 0.492106 0.015460 0.022224
0 0.480380 0.509566 0.013081 0.019047
0 0.427456 0.523851 0.014273 0.015872
0 0.396535 0.531788 0.014271 0.015872
0 0.369777 0.540518 0.015460 0.017462
0 0.310313 0.557185 0.013081 0.015872
0 0.242524 0.569882 0.020218 0.025397
0 0.229442 0.484963 0.015460 0.023809
0 0.216361 0.400835 0.020218 0.026984
0 0.205656 0.319882 0.020218 0.026984
0 0.194359 0.238932 0.021407 0.030159
0 0.142031 0.257979 0.021407 0.026984
0 0.671258 0.357185 0.021405 0.031747
0 0.643904 0.188932 0.019028 0.028572
