0 0.917378 0.361867 0.019146 0.035078
0 0.240741 0.710359 0.023784 0.039681
0 0.602815 0.668217 0.025093 0.028729
0 0.540378 0.872979 0.026282 0.031903
0 0.454750 0.538851 0.021527 0.036666
0 0.508862 0.392820 0.020337 0.027141
0 0.498159 0.318218 0.017958 0.020794
0 0.725904 0.430915 0.031040 0.039843
0 0.790125 0.092821 0.014390 0.020794
0 0.174081 0.410281 0.014390 0.020794
0 0.165757 0.364249 0.009634 0.027144
0 0.159216 0.321390 0.008443 0.023969
0 0.153864 0.288852 0.009633 0.022381
0 0.167541 0.215043 0.010824 0.017619
0 0.162189 0.180915 0.009633 0.025556
0 0.153864 0.115837 0.009633 0.016031
0 0.148512 0.074565 0.010824 0.019206
0 0.145540 0.028534 0.012011 0.025556
0 0.050992 0.669804 0.020337 0.022379
0 0.225221 0.859487 0.026282 0.020794
0 0.307875 0.955518 0.020337 0.025556
0 0.344148 0.937265 0.014390 0.017619
0 0.306686 0.730121 0.015580 0.031906
