0 0.895798 0.940923 0.017536 0.027796
0 0.266130 0.100516 0.023017 0.026330
0 0.269417 0.154641 0.018633 0.029257
0 0.324219 0.197796 0.023017 0.033645
0 0.097341 0.257772 0.025208 0.030720
0 0.528080 0.649815 0.027400 0.036572
0 0.586170 0.162686 0.016441 0.027793
0 0.721529 0.662982 0.019729 0.033648
0 0.802636 0.942385 0.021920 0.030720
0 0.808664 0.986271 0.018631 0.019019
0 0.906210 0.742706 0.016439 0.026332
0 0.837161 0.843643 0.018633 0.029257
0 0.971973 0.755140 0.014248 0.021944
0 0.953888 0.785130 0.015345 0.023405
0 0.938544 0.810729 0.019727 0.024866
0 0.925391 0.842912 0.019729 0.027796
0 0.914431 0.875094 0.017536 0.024869
0 0.902374 0.908740 0.019729 0.027793
0 0.893059 0.970179 0.018633 0.024869
0 0.446973 0.071259 0.031784 0.046810
0 0.502324 0.345542 0.024114 0.030720
0 0.551098 0.935804 0.023017 0.040961
0 0.265032 0.055167 0.018633 0.017553
