0 0.564164 0.717423 0.028661 0.035078
0 0.461291 0.622979 0.029850 0.030316
0 0.443453 0.792820 0.022716 0.036666
0 0.326309 0.856312 0.031042 0.033493
0 0.216301 0.913456 0.020337 0.030319
0 0.092022 0.974566 0.021525 0.031903
0 0.123537 0.811868 0.029850 0.030319
0 0.227004 0.757899 0.020337 0.027144
0 0.339391 0.695201 0.023903 0.028729
0 0.913810 0.770598 0.023903 0.033491
0 0.989580 0.558693 0.020839 0.031906
0 0.916188 0.405518 0.023903 0.030319
0 0.870461 0.058773 0.022597 0.025397
0 0.897220 0.264328 0.021405 0.030157
0 0.818133 0.138931 0.027352 0.033332
