0 0.268094 0.969884 0.021407 0.034919
0 0.040348 0.346073 0.022597 0.031747
0 0.058781 0.518296 0.023786 0.030157
0 0.120029 0.510360 0.022597 0.030159
0 0.149167 0.615121 0.023784 0.033332
0 0.178899 0.714329 0.021407 0.028572
0 0.211009 0.804804 0.023786 0.031747
0 0.240741 0.892106 0.023784 0.028569
0 0.441728 0.970677 0.028544 0.033332
0 0.221712 0.241312 0.026163 0.031744
0 0.143814 0.435757 0.032110 0.033334
0 0.318043 0.062741 0.019028 0.026984
0 0.139652 0.253217 0.026165 0.033334
0 0.134300 0.061946 0.022597 0.038094
0 0.505948 0.175439 0.021407 0.036509
0 0.869272 0.589724 0.029733 0.039681
0 0.588009 0.607185 0.040434 0.071428
0 0.172357 0.356392 0.015460 0.033334
