0 0.458318 0.484170 0.019148 0.034922
0 0.627790 0.452423 0.015580 0.044446
0 0.809153 0.419090 0.021527 0.044444
0 0.982193 0.389724 0.025095 0.039681
0 0.678929 0.247662 0.029850 0.057144
0 0.746123 0.120676 0.019148 0.022222
0 0.696172 0.127026 0.016769 0.025397
0 0.246628 0.520677 0.023903 0.050794
0 0.046235 0.558773 0.022716 0.041271
0 0.269223 0.734963 0.014390 0.031747
0 0.288847 0.884170 0.020337 0.034922
0 0.149702 0.897661 0.020335 0.033334
0 0.638492 0.869090 0.017958 0.036507
0 0.627790 0.950042 0.017958 0.039684
0 0.826993 0.545281 0.138074 0.042856
0 0.977437 0.077820 0.025093 0.028572
