0 0.400044 0.811154 0.019148 0.031747
0 0.784179 0.069090 0.021525 0.033332
0 0.479131 0.372264 0.013201 0.020634
0 0.469616 0.332582 0.015580 0.023809
0 0.465455 0.288932 0.014390 0.022222
0 0.455939 0.252423 0.014390 0.025397
0 0.398854 0.264329 0.016769 0.026984
0 0.643251 0.813534 0.029850 0.033332
0 0.451183 0.716709 0.031040 0.049206
0 0.636709 0.541312 0.023903 0.028569
0 0.775259 0.607185 0.022716 0.036509
0 0.266846 0.589726 0.026282 0.026984
0 0.804991 0.214329 0.022714 0.028572
0 0.513619 0.896073 0.022716 0.030159
0 0.353662 0.375439 0.019146 0.033334
0 0.482104 0.770677 0.019148 0.033332
0 0.533837 0.822265 0.020337 0.038094
0 0.560002 0.795279 0.015580 0.028572
0 0.940569 0.692106 0.029850 0.031744
0 0.915594 0.329407 0.022714 0.026984
