0 0.826398 0.711074 0.015580 0.022381
0 0.829966 0.008751 0.020337 0.017503
0 0.575462 0.043613 0.022716 0.062065
0 0.375069 0.093613 0.021525 0.041428
0 0.474373 0.407106 0.022716 0.039843
0 0.508268 0.624566 0.021525 0.030316
0 0.537405 0.843613 0.025095 0.036666
0 0.895972 0.926154 0.019148 0.033491
0 0.892998 0.853137 0.017958 0.030319
0 0.885862 0.774565 0.015580 0.025556
0 0.877538 0.694407 0.015580 0.027141
0 0.777044 0.115837 0.019148 0.019206
0 0.791314 0.191234 0.016769 0.020794
0 0.169325 0.161073 0.028661 0.049366
