0 0.275824 0.525439 0.024973 0.028572
0 0.215171 0.499248 0.022597 0.039684
0 0.021914 0.464328 0.019028 0.030157
0 0.186033 0.647661 0.019028 0.025397
0 0.307340 0.905597 0.033301 0.049206
0 0.312098 0.738138 0.023786 0.028572
0 0.516652 0.673059 0.030920 0.044444
0 0.484542 0.527026 0.026163 0.031747
0 0.577900 0.457185 0.022595 0.031747
0 0.721207 0.398454 0.026165 0.038097
0 0.695637 0.213534 0.027354 0.033332
0 0.879975 0.152423 0.032110 0.038097
0 0.424484 0.317503 0.024975 0.038094
0 0.469080 0.109566 0.019028 0.025397
0 0.479785 0.180995 0.016650 0.025397
0 0.551736 0.850835 0.015460 0.034922
