0 0.806776 0.619804 0.021525 0.033491
0 0.781206 0.544407 0.020337 0.031903
0 0.947705 0.561868 0.015580 0.016031
0 0.983977 0.533296 0.016769 0.019206
0 0.987545 0.388059 0.016769 0.020794
0 0.951867 0.400756 0.012011 0.027144
0 0.919756 0.407899 0.019148 0.038256
0 0.944731 0.201550 0.014390 0.022381
0 0.948894 0.128534 0.013201 0.022381
0 0.996121 0.153931 0.007758 0.025556
0 0.885267 0.253931 0.014390 0.025556
0 0.824020 0.311868 0.015578 0.027144
0 0.759799 0.368217 0.017958 0.025554
0 0.694388 0.434090 0.017958 0.020794
0 0.453562 0.615835 0.023903 0.031903
0 0.404801 0.730915 0.016769 0.027144
0 0.354258 0.724565 0.015580 0.020794
0 0.254358 0.791234 0.020337 0.020794
0 0.138403 0.879328 0.016769 0.022381
0 0.071210 0.942027 0.020337 0.020794
0 0.268037 0.860281 0.019153 0.028731
0 0.385773 0.316630 0.023905 0.023969
0 0.278143 0.087265 0.022714 0.031906
0 0.219869 0.215043 0.017958 0.020794
0 0.313822 0.585677 0.020337 0.025556
0 0.275765 0.611868 0.017958 0.020794
0 0.561785 0.976154 0.031040 0.035078
0 0.682496 0.890439 0.020337 0.028729
0 0.658116 0.721392 0.021525 0.030316
0 0.968517 0.957899 0.021527 0.036668
0 0.928081 0.795993 0.016769 0.020794
0 0.976246 0.744407 0.017958 0.025554
0 0.963759 0.706312 0.016769 0.025556
0 0.304902 0.011132 0.019148 0.022265
0 0.366744 0.959486 0.026284 0.043016
