0 0.678394 0.546868 0.033299 0.036507
0 0.008773 0.388137 0.016769 0.036507
0 0.070080 0.308773 0.024973 0.036509
0 0.102785 0.225439 0.026165 0.034922
0 0.136679 0.217503 0.022597 0.028569
0 0.142031 0.026232 0.026165 0.036509
0 0.208035 0.127820 0.020218 0.033334
0 0.296042 0.025439 0.032110 0.041271
0 0.167005 0.347661 0.019028 0.031747
0 0.294258 0.373851 0.030920 0.036509
0 0.416754 0.433376 0.033299 0.038097
0 0.793158 0.604010 0.024975 0.036509
0 0.913275 0.587343 0.024973 0.034919
0 0.982253 0.656392 0.020218 0.033334
0 0.952521 0.770677 0.022595 0.036507
0 0.286527 0.857185 0.020218 0.025397
