0 0.960846 0.653217 0.027354 0.046034
0 0.386427 0.023057 0.022597 0.030159
0 0.340045 0.380995 0.024975 0.031747
0 0.407833 0.373852 0.024973 0.046031
0 0.169978 0.808773 0.024975 0.030159
0 0.190791 0.784170 0.023786 0.031747
0 0.205063 0.711948 0.023784 0.030159
0 0.243118 0.829407 0.019028 0.033334
0 0.262742 0.904804 0.029731 0.050791
0 0.089108 0.819090 0.036867 0.038094
0 0.243714 0.796073 0.029731 0.026984
0 0.881759 0.184962 0.021407 0.042856
0 0.950143 0.252423 0.020218 0.034922
0 0.924573 0.365915 0.016650 0.036507
0 0.760454 0.192106 0.021407 0.031744
0 0.636174 0.132582 0.024973 0.033334
