0 0.263340 0.406387 0.028547 0.038086
0 0.335882 0.319882 0.019028 0.030159
0 0.367993 0.204804 0.016650 0.041271
0 0.124786 0.199248 0.027352 0.039684
0 0.658770 0.451629 0.027354 0.039684
0 0.900192 0.576232 0.024975 0.041271
0 0.979279 0.955598 0.026165 0.044446
0 0.065918 0.523852 0.030922 0.041269
0 0.181871 0.319090 0.027352 0.041269
0 0.056403 0.717503 0.026163 0.034919
0 0.093866 0.015894 0.024973 0.031787
0 0.093271 0.364328 0.028542 0.039681
0 0.257390 0.049248 0.026163 0.031747
0 0.400103 0.405597 0.035680 0.049206
