0 0.898350 0.025439 0.014390 0.019047
0 0.404801 0.103217 0.019148 0.025397
0 0.360203 0.125439 0.017958 0.028572
0 0.312038 0.152423 0.016769 0.028572
0 0.274576 0.171470 0.020337 0.025397
0 0.918567 0.832582 0.023903 0.033334
0 0.785368 0.786551 0.026282 0.023809
0 0.917973 0.650042 0.017956 0.030159
0 0.787152 0.425439 0.015580 0.025397
0 0.942352 0.495279 0.026284 0.031747
0 0.753853 0.189724 0.025093 0.039681
0 0.914405 0.234963 0.015580 0.022222
0 0.907269 0.197661 0.015580 0.026984
0 0.894187 0.164329 0.010822 0.020634
0 0.884078 0.129407 0.014390 0.023809
0 0.873970 0.096073 0.013201 0.020634
0 0.868617 0.050042 0.014390 0.026984
0 0.860294 0.029407 0.016769 0.017460
0 0.966138 0.207979 0.012011 0.019047
0 0.950083 0.190518 0.013201 0.019050
0 0.943542 0.163535 0.012011 0.019047
0 0.206787 0.025439 0.025093 0.038097
0 0.031964 0.153217 0.022716 0.036509
0 0.040883 0.018296 0.021527 0.036507
0 0.552866 0.161948 0.025095 0.025397
0 0.510646 0.155598 0.021527 0.031747
0 0.466048 0.143692 0.020335 0.026984
0 0.505295 0.023057 0.020335 0.033334
0 0.477347 0.069090 0.021527 0.036507
0 0.895971 0.192898 0.028661 0.026984
0 0.818074 0.044487 0.022716 0.031744
