0 0.875753 0.616709 0.023903 0.036507
0 0.873375 0.496073 0.019148 0.033334
0 0.752663 0.654804 0.017958 0.046034
0 0.763367 0.550835 0.020337 0.038097
0 0.610545 0.084962 0.021527 0.039681
0 0.516593 0.100835 0.021527 0.030159
0 0.229384 0.100042 0.032229 0.038097
0 0.365555 0.267503 0.040553 0.058731
0 0.140188 0.060360 0.017958 0.028572
0 0.143161 0.197661 0.026284 0.036509
0 0.238897 0.466709 0.036987 0.047619
0 0.280522 0.827026 0.032229 0.044446
0 0.508267 0.899166 0.152330 0.036653
0 0.147323 0.728613 0.025093 0.038097
0 0.026612 0.657185 0.023905 0.028572
