0 0.919363 0.420441 0.024112 0.032181
0 0.191051 0.067163 0.023015 0.036570
0 0.484787 0.800782 0.014248 0.032181
0 0.771399 0.208328 0.017536 0.032181
0 0.791675 0.349492 0.020824 0.033645
0 0.477115 0.764210 0.014248 0.023405
0 0.469991 0.726177 0.010960 0.026332
0 0.461223 0.689606 0.015343 0.026330
0 0.403681 0.707892 0.018631 0.033645
0 0.915527 0.776644 0.023015 0.030720
0 0.796059 0.493583 0.018633 0.026332
0 0.808664 0.648646 0.021922 0.035109
0 0.234892 0.737879 0.016439 0.032184
0 0.889770 0.075939 0.028498 0.027793
