0 0.213387 0.627820 0.014271 0.020634
0 0.218740 0.683376 0.015460 0.023809
0 0.227658 0.726232 0.014271 0.023809
0 0.241930 0.797661 0.014273 0.023809
0 0.249660 0.830995 0.013081 0.020634
0 0.240146 0.912741 0.013083 0.022222
0 0.246687 0.945279 0.011892 0.020634
0 0.256796 0.980995 0.015460 0.025397
0 0.036780 0.684963 0.027352 0.030159
0 0.037374 0.520677 0.021407 0.034919
0 0.014779 0.361948 0.021407 0.031747
0 0.060565 0.174645 0.024975 0.028572
0 0.402482 0.123851 0.019028 0.028572
0 0.417942 0.204804 0.026165 0.038097
0 0.432808 0.286551 0.020218 0.033334
0 0.446485 0.370676 0.023784 0.030159
0 0.462541 0.453217 0.020218 0.030159
0 0.519626 0.434963 0.017839 0.031747
0 0.875219 0.705598 0.017839 0.033334
0 0.843107 0.496867 0.020218 0.034922
0 0.804456 0.280201 0.023784 0.030159
0 0.119435 0.052423 0.016650 0.019047
0 0.147977 0.042106 0.011894 0.020637
0 0.206251 0.015915 0.014271 0.015875
0 0.234795 0.007164 0.019028 0.014328
