0 0.907864 0.410360 0.023905 0.026984
0 0.807369 0.034963 0.013201 0.022222
0 0.791314 0.650835 0.023905 0.028572
0 0.797321 0.005576 0.016650 0.011153
0 0.825804 0.259566 0.028661 0.036509
0 0.722337 0.135756 0.026284 0.046031
0 0.923324 0.442106 0.019148 0.020637
0 0.604004 0.053217 0.015580 0.042859
0 0.913810 0.863535 0.026282 0.025397
0 0.470805 0.018275 0.013201 0.036550
0 0.941164 0.717503 0.028661 0.031744
0 0.760394 0.414328 0.019148 0.034919
0 0.555244 0.366709 0.015580 0.028569
0 0.513619 0.359566 0.015580 0.023809
0 0.468427 0.349248 0.017956 0.022222
0 0.509456 0.223057 0.016769 0.030159
0 0.483888 0.269882 0.022716 0.028572
0 0.410152 0.307185 0.020335 0.026984
0 0.363771 0.327026 0.017958 0.028572
0 0.316795 0.351629 0.019146 0.026984
0 0.275765 0.373851 0.017958 0.030159
0 0.152674 0.432582 0.021527 0.026984
0 0.111050 0.453217 0.016767 0.023809
0 0.072400 0.475439 0.017958 0.023809
0 0.036721 0.494486 0.015578 0.026984
0 0.029584 0.350042 0.029850 0.030159
0 0.205598 0.224645 0.027472 0.033334
0 0.404206 0.160359 0.027473 0.044444
0 0.232951 0.055598 0.017958 0.025397
0 0.164568 0.106392 0.012011 0.025397
0 0.097373 0.154804 0.015580 0.033334
0 0.031369 0.201629 0.014390 0.031747
0 0.976246 0.416709 0.013201 0.017462
0 0.961381 0.395281 0.012011 0.015875
0 0.904295 0.368295 0.014390 0.022222
0 0.894782 0.330995 0.012011 0.026984
0 0.885862 0.296073 0.013201 0.026984
0 0.878727 0.249248 0.015580 0.022222
0 0.912621 0.220676 0.012011 0.019047
0 0.873970 0.227026 0.013201 0.015872
0 0.855536 0.188931 0.012011 0.019050
0 0.841265 0.146073 0.016769 0.028572
0 0.825209 0.104010 0.020335 0.036509
0 0.818074 0.068296 0.010822 0.019050
0 0.915000 0.403217 0.019148 0.022222
0 0.952462 0.368296 0.013201 0.019050
