0 0.674171 0.948375 0.013203 0.023969
0 0.668225 0.916629 0.013201 0.027141
0 0.534491 0.719884 0.011892 0.017462
0 0.546384 0.772264 0.009513 0.017460
0 0.552330 0.811154 0.009513 0.022222
0 0.551141 0.917503 0.011892 0.022224
0 0.556492 0.950835 0.010705 0.019047
0 0.214577 0.807899 0.016650 0.022381
0 0.201494 0.732503 0.014273 0.027144
0 0.241930 0.594487 0.028542 0.033332
0 0.453026 0.416709 0.020218 0.039681
0 0.477406 0.261948 0.023786 0.031747
0 0.670604 0.450757 0.020337 0.038253
0 0.117056 0.463535 0.026165 0.025397
0 0.372750 0.180995 0.016652 0.022222
0 0.175925 0.258773 0.029733 0.031747
0 0.144410 0.082582 0.021407 0.025397
0 0.363830 0.012741 0.034491 0.025397
