0 0.692069 0.610360 0.020218 0.030159
0 0.744992 0.938931 0.023784 0.033332
0 0.666501 0.969090 0.023786 0.030157
0 0.720613 0.779407 0.017839 0.034922
0 0.696827 0.435757 0.024975 0.026984
0 0.500003 0.491312 0.016650 0.020637
0 0.491082 0.437345 0.015460 0.020634
0 0.482759 0.390518 0.015460 0.019050
0 0.470270 0.317503 0.011892 0.019050
0 0.464324 0.281788 0.014273 0.020634
0 0.451241 0.073851 0.011892 0.020634
0 0.460162 0.122264 0.015460 0.022222
0 0.466703 0.164329 0.011894 0.020634
0 0.598117 0.357979 0.015462 0.020634
0 0.590982 0.319090 0.013081 0.015875
0 0.584440 0.284963 0.011892 0.017460
0 0.285933 0.911948 0.028544 0.026984
0 0.268094 0.830995 0.021407 0.033334
0 0.255012 0.749248 0.016650 0.022222
0 0.240147 0.667503 0.020218 0.033332
0 0.186034 0.680995 0.021405 0.025397
0 0.130732 0.104010 0.020218 0.023809
