0 0.301334 0.358773 0.023903 0.025397
0 0.217491 0.457185 0.025095 0.038097
0 0.115212 0.454010 0.013201 0.028572
0 0.912620 0.540518 0.028661 0.036507
0 0.755636 0.119090 0.023905 0.044444
0 0.934027 0.069884 0.023903 0.041269
0 0.602220 0.252424 0.016769 0.047619
0 0.408963 0.434168 0.025093 0.046031
0 0.274575 0.577026 0.032229 0.042859
0 0.146134 0.783375 0.027472 0.052381
0 0.051586 0.354010 0.028661 0.028572
0 0.124133 0.255598 0.019148 0.025397
0 0.605193 0.051629 0.015580 0.026984
0 0.568326 0.022264 0.015580 0.019047
0 0.281116 0.026232 0.009634 0.020634
0 0.784180 0.781788 0.016769 0.023809
0 0.810937 0.454804 0.015580 0.026984
0 0.821642 0.523851 0.015580 0.022222
