0 0.279332 0.719089 0.017956 0.025397
0 0.636115 0.888931 0.017956 0.031744
0 0.551081 0.969090 0.021527 0.033332
0 0.593301 0.964329 0.015580 0.026984
0 0.711039 0.809566 0.017956 0.028572
0 0.796667 0.859566 0.025095 0.030159
0 0.816290 0.746867 0.019148 0.030159
0 0.918567 0.734170 0.019146 0.033334
0 0.848994 0.627026 0.013201 0.028572
0 0.874564 0.584170 0.016769 0.022222
0 0.818669 0.526232 0.016769 0.026984
0 0.802614 0.604010 0.015580 0.023809
0 0.775854 0.152423 0.021527 0.019047
0 0.737797 0.184963 0.019148 0.033334
0 0.939380 0.147661 0.025093 0.031747
0 0.972679 0.407185 0.029850 0.033334
0 0.394098 0.789724 0.026282 0.036507
0 0.522540 0.836551 0.016769 0.031747
0 0.046235 0.574645 0.017958 0.031747
0 0.492807 0.034963 0.026284 0.025397
0 0.149107 0.075439 0.016767 0.020634
0 0.430370 0.303217 0.013203 0.025397
0 0.465454 0.300835 0.009634 0.023809
