0 0.084886 0.891232 0.028663 0.027141
0 0.018287 0.868217 0.028661 0.028729
0 0.150891 0.778534 0.027472 0.020794
0 0.110455 0.792820 0.017956 0.033491
0 0.074183 0.739646 0.019146 0.028731
0 0.066453 0.645201 0.022716 0.030316
0 0.071209 0.597581 0.027472 0.020794
0 0.056938 0.529328 0.020335 0.027144
0 0.073588 0.514249 0.025093 0.025556
0 0.042072 0.449962 0.016769 0.027144
0 0.060506 0.430915 0.022716 0.020794
0 0.044451 0.372184 0.021527 0.020794
0 0.084886 0.416629 0.021527 0.039841
0 0.151485 0.458693 0.019148 0.022381
0 0.163973 0.430121 0.015580 0.031906
0 0.188352 0.429328 0.016769 0.030319
0 0.180623 0.315837 0.015580 0.025556
0 0.165163 0.288059 0.017958 0.027144
0 0.145540 0.278534 0.016769 0.030319
0 0.036126 0.130121 0.028661 0.038256
0 0.356634 0.745200 0.015580 0.020794
0 0.342958 0.736471 0.014390 0.019206
0 0.364960 0.762662 0.017958 0.023969
0 0.372691 0.787265 0.014390 0.019206
0 0.484483 0.957899 0.019148 0.027144
0 0.461886 0.925359 0.012011 0.019206
0 0.455939 0.899962 0.012011 0.025556
0 0.450588 0.852343 0.017956 0.016031
0 0.441074 0.819010 0.013201 0.025554
0 0.429777 0.784884 0.014390 0.027144
0 0.417883 0.749962 0.016769 0.023969
0 0.406585 0.711074 0.013201 0.019206
0 0.527890 0.892026 0.017958 0.038253
0 0.444047 0.747582 0.016769 0.031903
0 0.394097 0.437265 0.016769 0.027144
0 0.249006 0.351550 0.019148 0.033493
0 0.032559 0.261868 0.021527 0.031906
0 0.814506 0.895201 0.022716 0.031903
0 0.841264 0.843613 0.021525 0.033491
0 0.907269 0.803931 0.020337 0.030319
0 0.945920 0.777740 0.019148 0.031906
0 0.987545 0.750756 0.016769 0.028731
0 0.851968 0.770598 0.019148 0.030316
0 0.814506 0.765043 0.017958 0.025556
0 0.776449 0.760281 0.015580 0.022381
0 0.596868 0.738851 0.020335 0.033491
0 0.565352 0.503931 0.021527 0.027144
0 0.551081 0.138852 0.021527 0.020794
0 0.398854 0.073773 0.021527 0.033491
0 0.411342 0.278534 0.020335 0.027144
0 0.192515 0.928534 0.017958 0.031906
