0 0.618930 0.535757 0.009515 0.017460
0 0.292474 0.956392 0.027354 0.030159
0 0.272257 0.877026 0.017839 0.033334
0 0.221712 0.892899 0.023784 0.030157
0 0.147977 0.307979 0.016652 0.031747
0 0.193764 0.164328 0.027354 0.049206
0 0.744398 0.973057 0.027352 0.025397
0 0.720018 0.820676 0.026165 0.031747
0 0.529139 0.705598 0.013081 0.023809
0 0.519625 0.654010 0.010705 0.022222
0 0.511895 0.607185 0.014271 0.017460
0 0.498219 0.535757 0.013081 0.020634
0 0.491677 0.496867 0.011892 0.022222
0 0.725965 0.650042 0.019028 0.030159
0 0.626660 0.573057 0.010703 0.019047
0 0.612983 0.500042 0.009515 0.019047
0 0.612389 0.020677 0.020218 0.038094
0 0.081973 0.065915 0.022597 0.026982
0 0.033213 0.575439 0.015460 0.020634
