0 0.492272 0.669090 0.017839 0.030157
0 0.548168 0.654804 0.020218 0.036509
0 0.832999 0.492106 0.023786 0.038094
0 0.867488 0.705598 0.028544 0.039684
0 0.894246 0.899249 0.024973 0.042856
0 0.718234 0.086551 0.022597 0.030159
0 0.667096 0.062741 0.024975 0.023809
0 0.078404 0.374645 0.027354 0.031747
0 0.009173 0.395279 0.018347 0.022222
0 0.039158 0.561948 0.022597 0.025397
0 0.064728 0.719090 0.028544 0.031744
0 0.070675 0.877820 0.021407 0.031747
0 0.245497 0.834963 0.016650 0.028572
0 0.251444 0.887345 0.019028 0.028572
0 0.261553 0.929407 0.013083 0.023809
0 0.489893 0.113535 0.013081 0.026984
0 0.442918 0.172264 0.016650 0.020634
0 0.411995 0.177026 0.019028 0.014285
0 0.379291 0.179407 0.015460 0.019047
0 0.347181 0.188138 0.017839 0.023809
0 0.315666 0.174645 0.019028 0.015872
0 0.285338 0.186551 0.017839 0.023809
0 0.254418 0.196867 0.017839 0.022222
0 0.223495 0.207185 0.020218 0.017460
0 0.194359 0.219884 0.014271 0.017462
0 0.164628 0.230995 0.016650 0.020634
0 0.136084 0.242106 0.016650 0.020637
0 0.476812 0.586551 0.017839 0.026984
0 0.461351 0.500042 0.024975 0.028572
0 0.446485 0.419090 0.023784 0.038094
0 0.429835 0.333376 0.021405 0.034922
