0 0.972084 0.637345 0.019146 0.030159
0 0.931650 0.649248 0.023905 0.038097
0 0.835913 0.828613 0.022716 0.028572
0 0.878132 0.776232 0.023903 0.041271
0 0.890025 0.657979 0.023905 0.036509
0 0.850778 0.672264 0.021527 0.030159
0 0.743744 0.726232 0.023905 0.036509
0 0.749690 0.519882 0.019146 0.030159
0 0.703903 0.510360 0.022716 0.033334
0 0.951866 0.501629 0.021525 0.028572
0 0.988986 0.480201 0.022028 0.033334
0 0.976842 0.836551 0.023903 0.031747
0 0.911432 0.892106 0.023905 0.028569
0 0.844832 0.946073 0.023903 0.028572
0 0.962570 0.891313 0.016769 0.023809
0 0.962570 0.907979 0.023905 0.022222
0 0.960786 0.945279 0.022716 0.023809
0 0.698551 0.908771 0.023905 0.046031
0 0.405991 0.905598 0.016769 0.023809
0 0.359608 0.931788 0.021527 0.028572
0 0.317389 0.950042 0.017956 0.026984
0 0.255547 0.911154 0.020337 0.028572
0 0.212733 0.899248 0.015580 0.026984
0 0.174081 0.892899 0.021527 0.030157
0 0.078345 0.565915 0.017958 0.017462
0 0.903107 0.031788 0.023903 0.031747
