0 0.340580 0.774565 0.016769 0.022381
0 0.269818 0.684090 0.017958 0.028731
0 0.183001 0.762662 0.022714 0.023969
0 0.103915 0.836471 0.026284 0.025556
0 0.023044 0.912662 0.023905 0.028731
0 0.600437 0.648376 0.025093 0.036666
0 0.488645 0.662662 0.025093 0.033493
0 0.406585 0.589646 0.025095 0.027144
0 0.725904 0.517423 0.026282 0.031903
0 0.847210 0.432503 0.023905 0.030319
0 0.917378 0.361074 0.023903 0.030319
0 0.634330 0.412662 0.021525 0.025556
0 0.604004 0.243613 0.022716 0.030316
0 0.895377 0.081709 0.013201 0.023969
0 0.849589 0.118217 0.012011 0.014446
0 0.879322 0.042027 0.014390 0.020794
0 0.577840 0.084882 0.025093 0.043016
0 0.480319 0.315042 0.029850 0.036666
0 0.284685 0.301551 0.026282 0.044603
0 0.190731 0.229328 0.019148 0.036668
0 0.015313 0.423773 0.029850 0.038253
0 0.284684 0.122978 0.021527 0.023969
0 0.329282 0.092820 0.017958 0.030316
0 0.100941 0.537264 0.039364 0.036666
0 0.703903 0.934090 0.015580 0.023969
0 0.856725 0.690440 0.012011 0.025556
0 0.834723 0.687265 0.013201 0.022381
0 0.768124 0.542027 0.013203 0.020794
