0 0.055154 0.881788 0.019146 0.023809
0 0.771098 0.859566 0.023903 0.033334
0 0.568326 0.787345 0.022716 0.028572
0 0.526106 0.778613 0.016769 0.030159
0 0.481509 0.765121 0.017958 0.034919
0 0.521945 0.638138 0.017958 0.025397
0 0.491023 0.688932 0.017958 0.028572
0 0.418477 0.722264 0.022716 0.028572
0 0.374474 0.739726 0.017956 0.025397
0 0.325714 0.763535 0.017958 0.025397
0 0.286468 0.782582 0.020337 0.028572
0 0.168730 0.830995 0.022714 0.023809
0 0.127700 0.852423 0.026282 0.025397
0 0.089049 0.865916 0.017958 0.026984
0 0.026017 0.894486 0.020337 0.023809
0 0.906080 0.844486 0.020337 0.028572
0 0.838291 0.704010 0.027472 0.030159
0 0.740176 0.577026 0.021527 0.033334
0 0.615897 0.488137 0.029850 0.036507
0 0.482699 0.455598 0.020337 0.031747
0 0.235330 0.468296 0.022716 0.028569
0 0.163379 0.518296 0.016769 0.030157
0 0.101536 0.557185 0.019148 0.028572
0 0.036721 0.606392 0.017956 0.028572
0 0.414910 0.591312 0.029850 0.036507
0 0.212138 0.650042 0.026284 0.026984
0 0.042072 0.760360 0.021527 0.025397
0 0.923324 0.850835 0.019148 0.028572
0 0.917378 0.815123 0.012013 0.023809
0 0.907864 0.780995 0.019148 0.022222
0 0.901917 0.747661 0.014390 0.022222
0 0.894782 0.713535 0.014390 0.023809
0 0.892998 0.664328 0.013201 0.017462
0 0.887051 0.640519 0.013201 0.023809
0 0.869212 0.607979 0.015580 0.031747
0 0.856725 0.559566 0.019148 0.026984
0 0.844831 0.513535 0.014390 0.020634
0 0.835318 0.480995 0.019148 0.031747
0 0.826398 0.446073 0.015580 0.028572
0 0.819858 0.412741 0.016769 0.028572
0 0.804991 0.363534 0.015578 0.031744
0 0.792504 0.320676 0.014390 0.031747
0 0.700930 0.024645 0.019148 0.023809
0 0.883484 0.073057 0.022714 0.031747
0 0.822236 0.155598 0.021525 0.028572
0 0.950678 0.097661 0.016769 0.023809
0 0.936406 0.121470 0.012013 0.023809
0 0.923324 0.145279 0.016769 0.023809
0 0.912027 0.177026 0.017958 0.017460
0 0.903106 0.206392 0.016769 0.028572
0 0.892998 0.241313 0.020337 0.025397
0 0.892998 0.275439 0.017958 0.026984
0 0.890619 0.309566 0.017958 0.022222
0 0.874564 0.334170 0.016769 0.026984
0 0.882888 0.366709 0.019148 0.028569
0 0.891214 0.396867 0.021527 0.031747
0 0.900133 0.427820 0.015580 0.030159
0 0.910242 0.435757 0.014390 0.026984
0 0.923919 0.631788 0.013201 0.025397
0 0.975057 0.830201 0.015580 0.028572
0 0.962570 0.800835 0.012011 0.023809
0 0.958407 0.777820 0.013201 0.022222
0 0.535027 0.264328 0.025095 0.039681
