0 0.057533 0.959566 0.028661 0.039684
0 0.458973 0.945281 0.029733 0.055556
0 0.724775 0.873059 0.030920 0.044444
0 0.793158 0.715915 0.029733 0.041269
0 0.856785 0.553217 0.019028 0.036509
0 0.910302 0.394487 0.026165 0.033332
0 0.965009 0.238931 0.019028 0.042856
0 0.772940 0.234168 0.024975 0.039681
0 0.798510 0.077820 0.026165 0.038097
0 0.715260 0.366709 0.021407 0.034919
0 0.425672 0.327026 0.024973 0.038097
0 0.413186 0.098456 0.026163 0.047619
0 0.567791 0.384170 0.028544 0.038097
0 0.678393 0.579407 0.021407 0.038097
0 0.568385 0.554010 0.024975 0.041271
0 0.618335 0.778613 0.027352 0.039684
0 0.527950 0.753217 0.022597 0.039684
0 0.010958 0.742902 0.021917 0.050799
