0 0.783644 0.074646 0.027352 0.047619
0 0.266904 0.256392 0.023786 0.039684
0 0.791969 0.691313 0.022597 0.023809
0 0.216361 0.271470 0.017839 0.028572
0 0.948954 0.609566 0.024975 0.031747
0 0.209224 0.237345 0.020218 0.026984
0 0.202684 0.200835 0.026163 0.033334
0 0.196738 0.166709 0.021407 0.028569
0 0.059971 0.046868 0.030922 0.039681
0 0.850243 0.662741 0.034491 0.023809
0 0.824079 0.677026 0.017839 0.026984
0 0.507138 0.875440 0.033299 0.049206
0 0.909707 0.471471 0.027354 0.050794
0 0.967386 0.175440 0.035678 0.052381
