0 0.807965 0.902345 0.028661 0.039841
0 0.897160 0.794407 0.028661 0.033491
0 0.983977 0.692026 0.021527 0.031903
0 0.929865 0.655518 0.029850 0.035081
0 0.764557 0.883296 0.020337 0.033493
0 0.647412 0.791232 0.033419 0.052540
0 0.826399 0.572979 0.034608 0.041428
0 0.955435 0.087265 0.019146 0.031906
0 0.890025 0.168217 0.021527 0.025554
0 0.812127 0.257106 0.020337 0.028731
0 0.734230 0.353931 0.023903 0.031906
0 0.637899 0.469010 0.026282 0.030316
0 0.552866 0.570598 0.025095 0.033491
0 0.464859 0.672185 0.022714 0.027141
0 0.334039 0.780915 0.025093 0.028731
0 0.338202 0.971392 0.026282 0.035078
0 0.140782 0.965835 0.031042 0.030316
0 0.136620 0.758693 0.032229 0.028731
0 0.235329 0.735677 0.034608 0.030319
0 0.180622 0.413454 0.027472 0.033491
0 0.031964 0.476153 0.020337 0.031906
0 0.040883 0.653931 0.016769 0.025556
0 0.250195 0.080915 0.023905 0.041431
0 0.383394 0.588851 0.019148 0.031903
0 0.285873 0.705518 0.021527 0.027144
0 0.051586 0.881709 0.028661 0.033493
0 0.108077 0.871392 0.022714 0.028729
