0 0.016309 0.557185 0.032617 0.031747
0 0.227063 0.777820 0.027354 0.034922
0 0.221712 0.675440 0.023784 0.042856
0 0.227063 0.582581 0.022597 0.047619
0 0.482163 0.657185 0.026163 0.041271
0 0.485730 0.765121 0.019028 0.041269
0 0.120029 0.936551 0.024975 0.031747
0 0.109326 0.773057 0.020216 0.031747
0 0.727154 0.789724 0.019028 0.049206
0 0.932899 0.855598 0.021407 0.044446
0 0.844296 0.813535 0.017839 0.030159
0 0.819918 0.921470 0.016650 0.026984
0 0.840729 0.916709 0.015462 0.026982
0 0.906734 0.946867 0.021407 0.020634
0 0.758075 0.922264 0.014271 0.031747
0 0.738452 0.942106 0.020218 0.036507
0 0.710503 0.877026 0.019028 0.033334
0 0.708721 0.950835 0.020218 0.034922
0 0.605848 0.883376 0.023786 0.033334
0 0.560655 0.880995 0.030920 0.041271
0 0.491082 0.874646 0.022597 0.041269
0 0.399509 0.859566 0.029733 0.039684
0 0.172952 0.918295 0.026165 0.042859
0 0.595739 0.361153 0.027352 0.039681
0 0.432808 0.507978 0.017839 0.053969
0 0.655203 0.557979 0.027352 0.039684
0 0.736668 0.661153 0.023786 0.046031
0 0.862135 0.643693 0.022597 0.036507
0 0.656986 0.160360 0.019028 0.031747
0 0.545789 0.132582 0.027354 0.036509
0 0.505949 0.334963 0.023784 0.038097
0 0.706937 0.465121 0.021407 0.034919
0 0.772346 0.306392 0.023786 0.041271
0 0.831215 0.146074 0.022597 0.041269
0 0.294199 0.880995 0.021527 0.028572
0 0.241335 0.879407 0.027352 0.028572
