0 0.470270 0.627820 0.023786 0.042859
0 0.296636 0.683375 0.028542 0.049206
0 0.244308 0.700835 0.023786 0.030159
0 0.235984 0.663534 0.023786 0.034919
0 0.230037 0.623057 0.021407 0.033334
0 0.218740 0.582582 0.024975 0.034922
0 0.071269 0.441312 0.041625 0.060319
0 0.127165 0.184168 0.032110 0.044444
0 0.149167 0.157979 0.028542 0.039684
0 0.169384 0.080993 0.028542 0.050794
0 0.044510 0.174646 0.033301 0.041269
0 0.199711 0.195281 0.015460 0.034919
0 0.218144 0.245281 0.035678 0.039681
0 0.404266 0.338137 0.029733 0.044444
0 0.608226 0.422265 0.030922 0.053969
0 0.815755 0.511153 0.027354 0.047619
0 0.929330 0.869884 0.021407 0.053969
0 0.906734 0.044487 0.023786 0.031744
0 0.272851 0.146074 0.026165 0.047619
0 0.330531 0.564328 0.022597 0.036507
