0 0.159870 0.501629 0.026165 0.031747
0 0.051646 0.456392 0.030920 0.030159
0 0.358478 0.625440 0.026165 0.044444
0 0.558871 0.722265 0.024973 0.041269
0 0.765805 0.810360 0.022595 0.036509
0 0.939438 0.878613 0.022597 0.039684
0 0.883544 0.610359 0.032110 0.046031
0 0.414969 0.330995 0.020218 0.033334
0 0.279987 0.457979 0.028542 0.039684
0 0.241335 0.350042 0.029731 0.036509
0 0.213387 0.262740 0.030922 0.036507
0 0.184845 0.173851 0.016652 0.026984
0 0.161060 0.091312 0.021407 0.026982
0 0.475622 0.142899 0.020218 0.019050
0 0.206251 0.723057 0.021407 0.030159
0 0.501192 0.126232 0.019028 0.026984
0 0.538060 0.114329 0.016650 0.025397
0 0.257390 0.560360 0.026163 0.034922
0 0.169384 0.891312 0.023786 0.039681
