0 0.195489 0.707106 0.021527 0.033493
0 0.902512 0.572185 0.025093 0.036666
0 0.474968 0.832503 0.021527 0.036668
0 0.367339 0.885677 0.025095 0.031906
0 0.212138 0.966630 0.019148 0.025556
0 0.091427 0.949170 0.025093 0.031903
0 0.039099 0.794407 0.020335 0.036666
0 0.065263 0.779328 0.025095 0.035081
0 0.306091 0.644407 0.023905 0.035078
0 0.425614 0.576154 0.022716 0.035078
0 0.549297 0.507106 0.020337 0.033493
0 0.445830 0.411868 0.027472 0.030319
0 0.322741 0.478534 0.019148 0.027144
0 0.210949 0.545201 0.023905 0.027141
0 0.104509 0.603931 0.025095 0.033493
0 0.898349 0.196074 0.026282 0.036507
0 0.976842 0.361074 0.023903 0.033493
0 0.881699 0.068217 0.016769 0.022379
