0 0.628384 0.776232 0.021527 0.038097
0 0.527296 0.792899 0.021525 0.030157
0 0.853751 0.284962 0.034608 0.055556
0 0.821046 0.118296 0.021525 0.033332
0 0.588544 0.341312 0.029852 0.050794
0 0.341769 0.400837 0.023905 0.049206
0 0.427398 0.518295 0.019148 0.026984
0 0.427397 0.466709 0.021525 0.025394
0 0.217490 0.538932 0.032229 0.030159
0 0.254357 0.873059 0.029850 0.047619
0 0.145540 0.835757 0.016769 0.033334
0 0.131268 0.810359 0.028661 0.046031
0 0.130673 0.707979 0.025093 0.038097
0 0.105104 0.461948 0.021527 0.031747
0 0.159216 0.254804 0.032231 0.039684
