0 0.265061 0.954010 0.020337 0.034922
0 0.090239 0.615916 0.020337 0.025397
0 0.094401 0.534170 0.012013 0.023809
0 0.064669 0.523851 0.012011 0.019047
0 0.007583 0.307185 0.014390 0.030159
0 0.024828 0.259566 0.017958 0.023809
0 0.039693 0.206392 0.016769 0.025397
0 0.059316 0.157185 0.017958 0.025397
0 0.286468 0.781788 0.017958 0.023809
0 0.294199 0.652423 0.016769 0.041271
0 0.383394 0.547661 0.019148 0.031747
0 0.483294 0.430201 0.021527 0.022222
0 0.579029 0.325439 0.020335 0.025397
0 0.781801 0.038138 0.023905 0.025397
0 0.730662 0.155598 0.023903 0.025397
0 0.673578 0.134170 0.014390 0.017460
0 0.627790 0.104010 0.015580 0.014285
0 0.583786 0.079407 0.015580 0.022222
0 0.649792 0.838137 0.019148 0.034919
0 0.945326 0.836551 0.020337 0.031747
0 0.939973 0.680201 0.016769 0.033334
0 0.461292 0.915121 0.013201 0.020637
0 0.439290 0.934963 0.012011 0.022222
0 0.491023 0.928613 0.013201 0.019047
0 0.508921 0.962741 0.015460 0.026984
0 0.752128 0.554010 0.028544 0.044446
