0 0.496970 0.922265 0.017958 0.041269
0 0.985418 0.646074 0.029165 0.041269
0 0.899539 0.479407 0.016767 0.031747
0 0.904295 0.529407 0.016769 0.026984
0 0.909648 0.581788 0.022716 0.026984
0 0.762772 0.707184 0.026282 0.046031
0 0.486861 0.758771 0.019146 0.047619
0 0.271602 0.793693 0.026284 0.047619
0 0.086670 0.818296 0.029850 0.055556
0 0.201436 0.484170 0.019148 0.038097
0 0.185381 0.261946 0.015580 0.034919
0 0.174081 0.059566 0.021527 0.026984
0 0.815695 0.262741 0.020337 0.030159
0 0.715795 0.273851 0.022716 0.033334
0 0.788936 0.030201 0.019148 0.034922
0 0.698551 0.042899 0.021527 0.031744
