0 0.623627 0.795995 0.026284 0.033491
0 0.101536 0.875359 0.021527 0.020794
0 0.116996 0.847582 0.021527 0.028729
0 0.267439 0.938851 0.022716 0.033491
0 0.235924 0.835676 0.026284 0.046191
0 0.175866 0.708693 0.022716 0.036668
0 0.094401 0.580121 0.019146 0.023969
0 0.135431 0.556312 0.027472 0.033493
0 0.070615 0.684884 0.026282 0.030319
0 0.058127 0.526948 0.017958 0.041428
0 0.058723 0.434090 0.026282 0.036668
0 0.062884 0.379328 0.027473 0.028731
0 0.050398 0.321392 0.023905 0.027141
0 0.070021 0.296788 0.022716 0.025554
0 0.038505 0.240439 0.021525 0.033491
0 0.052776 0.212662 0.023903 0.016031
0 0.124726 0.945201 0.027472 0.033491
0 0.047424 0.165835 0.022716 0.027141
0 0.082508 0.204724 0.019148 0.038256
0 0.146134 0.250756 0.017958 0.025556
0 0.158027 0.225359 0.022716 0.028731
0 0.181218 0.227740 0.016769 0.027144
0 0.164568 0.084090 0.016769 0.031906
0 0.143161 0.072185 0.016769 0.027141
0 0.557028 0.265835 0.021527 0.030316
0 0.589733 0.513456 0.022716 0.027144
0 0.869212 0.896788 0.025095 0.025554
0 0.746122 0.869010 0.026282 0.030316
0 0.078345 0.902343 0.020337 0.023969
0 0.516593 0.676153 0.023905 0.028731
0 0.435128 0.526946 0.025093 0.035081
0 0.398259 0.498375 0.015580 0.025556
0 0.408964 0.530915 0.017958 0.020794
0 0.420856 0.574565 0.017958 0.025556
0 0.429181 0.604724 0.010824 0.022381
0 0.442858 0.647581 0.019148 0.025556
0 0.446426 0.692026 0.016769 0.025554
0 0.454155 0.717423 0.013201 0.028729
0 0.165163 0.979407 0.020337 0.022222
0 0.476157 0.753931 0.014390 0.022381
0 0.489239 0.799168 0.014390 0.027144
0 0.503511 0.845197 0.019144 0.027149
0 0.513025 0.877740 0.016769 0.025556
0 0.521945 0.907106 0.015580 0.017619
0 0.533242 0.943613 0.021527 0.023966
0 0.473185 0.954724 0.029850 0.023969
0 0.480380 0.983376 0.020218 0.023809
0 0.923324 0.749170 0.026284 0.038253
0 0.812127 0.695995 0.022716 0.023966
0 0.839481 0.645995 0.020337 0.025554
0 0.905485 0.610281 0.023905 0.027144
0 0.945920 0.585677 0.016769 0.028731
0 0.985761 0.561074 0.020337 0.027144
0 0.851968 0.571390 0.019148 0.022381
0 0.811532 0.558693 0.026284 0.022381
0 0.771097 0.554724 0.021527 0.027144
0 0.382205 0.207106 0.026284 0.030319
0 0.404206 0.058693 0.017958 0.028731
0 0.410152 0.722979 0.020335 0.030316
0 0.344207 0.519882 0.016650 0.026984
0 0.357824 0.547582 0.017958 0.028729
0 0.365555 0.576153 0.016769 0.019206
0 0.238302 0.125360 0.026282 0.038253
0 0.041477 0.059487 0.020337 0.033493
0 0.136619 0.903138 0.020337 0.041428
