0 0.744934 0.403138 0.021527 0.041428
0 0.045045 0.939645 0.022716 0.035078
0 0.171109 0.965835 0.029850 0.055715
0 0.407179 0.981767 0.031040 0.036466
0 0.121159 0.611868 0.027473 0.033493
0 0.057533 0.748375 0.035797 0.027144
0 0.194894 0.457106 0.022716 0.025556
0 0.262088 0.311867 0.028661 0.043016
0 0.341769 0.155518 0.019148 0.031906
0 0.149702 0.136471 0.027472 0.028731
0 0.075372 0.258693 0.023903 0.038256
0 0.027206 0.450756 0.027473 0.031906
0 0.640277 0.326154 0.023903 0.043016
0 0.847805 0.488851 0.020337 0.035078
0 0.799045 0.165042 0.020337 0.054128
0 0.708660 0.106312 0.022714 0.050950
