0 0.276954 0.032582 0.022714 0.033334
0 0.206192 0.084963 0.021525 0.030159
0 0.137809 0.134963 0.017958 0.031747
0 0.076561 0.188137 0.019148 0.033332
0 0.130673 0.362741 0.025093 0.030159
0 0.027801 0.770676 0.016769 0.030159
0 0.097968 0.884168 0.023905 0.041269
0 0.010557 0.607185 0.020337 0.036509
0 0.010957 0.450043 0.021915 0.046031
0 0.124727 0.302423 0.020337 0.046034
0 0.275765 0.179407 0.022716 0.038097
0 0.463670 0.046074 0.027472 0.034919
0 0.319172 0.347661 0.016769 0.028572
0 0.364960 0.326232 0.020337 0.026984
0 0.346527 0.188138 0.021527 0.026984
0 0.386367 0.180201 0.020337 0.030159
0 0.432749 0.172264 0.020335 0.023809
0 0.475563 0.161948 0.020337 0.022222
0 0.582597 0.119089 0.015580 0.025397
0 0.628384 0.099248 0.019148 0.030159
0 0.668820 0.078613 0.016769 0.023809
0 0.929866 0.964328 0.020337 0.033332
0 0.821047 0.895279 0.012011 0.022222
0 0.817479 0.829407 0.019148 0.023809
0 0.815695 0.770676 0.017958 0.023809
0 0.656332 0.906392 0.022714 0.034922
0 0.534432 0.862741 0.023905 0.033334
0 0.411937 0.811948 0.021525 0.033334
0 0.295388 0.768296 0.016769 0.031744
0 0.212733 0.833376 0.017958 0.031747
0 0.194894 0.540519 0.017958 0.026984
