0 0.634925 0.902423 0.020335 0.026984
0 0.268035 0.971471 0.035797 0.044444
0 0.466048 0.861946 0.036987 0.050794
0 0.538000 0.771471 0.023905 0.038094
0 0.540379 0.607185 0.014390 0.023809
0 0.528485 0.563534 0.019148 0.034919
0 0.514214 0.515123 0.016769 0.026984
0 0.504700 0.480995 0.012013 0.022222
0 0.493996 0.446073 0.016769 0.022222
0 0.484483 0.408773 0.014390 0.026984
0 0.469021 0.366709 0.016769 0.028569
0 0.456534 0.312741 0.013201 0.031747
0 0.435722 0.282582 0.016769 0.025397
0 0.428587 0.254010 0.016769 0.025397
0 0.422640 0.207979 0.016769 0.025397
0 0.413126 0.170676 0.019146 0.030159
0 0.402422 0.133376 0.016769 0.041271
0 0.394691 0.100042 0.015580 0.028572
0 0.381015 0.068296 0.014390 0.031744
0 0.387557 0.851629 0.020337 0.030159
0 0.404801 0.823057 0.016769 0.030159
0 0.420261 0.793693 0.021527 0.034919
0 0.433938 0.758773 0.020337 0.028572
0 0.444642 0.728613 0.017958 0.025397
0 0.455939 0.689724 0.019148 0.030157
0 0.460102 0.656392 0.020337 0.026984
0 0.463076 0.619090 0.023905 0.041269
0 0.479725 0.593693 0.016769 0.031744
0 0.469616 0.557979 0.022714 0.036509
0 0.460102 0.527820 0.022716 0.026984
0 0.452371 0.492106 0.014390 0.028569
0 0.049803 0.782582 0.017958 0.028572
0 0.076561 0.761154 0.012011 0.033334
0 0.093806 0.757185 0.017956 0.022222
0 0.138998 0.710360 0.013201 0.023809
0 0.243060 0.479407 0.019146 0.028572
0 0.211544 0.369882 0.020337 0.028572
0 0.157432 0.250042 0.019148 0.026984
0 0.124133 0.106392 0.021527 0.031747
0 0.152080 0.540518 0.017958 0.030157
0 0.129485 0.560360 0.015580 0.028572
0 0.108672 0.465915 0.019148 0.030157
0 0.092023 0.525439 0.014390 0.025397
0 0.048019 0.483376 0.019148 0.023809
0 0.071805 0.449248 0.019148 0.025397
0 0.088455 0.419089 0.016769 0.025397
0 0.051586 0.238932 0.023903 0.026984
0 0.084292 0.151629 0.020337 0.030159
0 0.052776 0.104804 0.021525 0.031747
0 0.057533 0.019090 0.021525 0.031744
0 0.570110 0.057185 0.021527 0.028572
0 0.821046 0.650042 0.023903 0.026984
0 0.838885 0.922264 0.026282 0.034922
0 0.854347 0.459566 0.028663 0.030159
0 0.729473 0.427026 0.021525 0.034922
0 0.608761 0.340518 0.025095 0.036507
0 0.503510 0.217503 0.026282 0.034919
0 0.419667 0.069090 0.017958 0.030157
0 0.796072 0.282582 0.016769 0.025397
0 0.910242 0.324645 0.021527 0.030159
0 0.823425 0.234170 0.021525 0.020634
0 0.829966 0.157185 0.017958 0.031747
0 0.788937 0.150042 0.021525 0.030159
0 0.752663 0.137345 0.020337 0.020634
0 0.888241 0.204804 0.022716 0.025397
0 0.923324 0.184170 0.019148 0.025397
0 0.963759 0.168295 0.014390 0.022222
0 0.991959 0.154804 0.016081 0.023809
0 0.330472 0.078613 0.013201 0.026984
0 0.341769 0.107979 0.019148 0.025397
0 0.345337 0.138138 0.019148 0.025397
0 0.439290 0.492899 0.026284 0.055556
